PLATE MJD NEXP SEEING20 SEEING50 SEEING80 CARTID AZ ALT AIRMASS RA DEC SPEC1_R SPEC2_R SPEC1_I SPEC2_I
10000 57346 28 1.83997 1.96199 2.16644 11 271.730404143 60.0538752857 1.08419 29.815837 27.250524 31.4738 45.5044 24.7215 39.738
7275 57093 32 2.04209 2.15035 2.3224 14 149.166581125 60.69425825 1.21904 137.715465 54.898612 43.9553 44.9729 34.1695 33.4675
7276 57061 40 2.32067 2.44232 2.60752 12 148.897991873 61.3260013725 1.20406 132.333089 54.372425 36.4999 28.87 34.0412 27.3945
7277 56748 16 1.50672 1.61102 1.71257 11 177.209 68.4802504578 1.07605 128.120948 54.081904 39.9623 36.958 34.7425 32.1573
7278 57041 20 1.40974 1.50174 1.62092 15 148.507 57.82 1.21828 137.00098 56.969525 41.1656 44.5839 33.1343 34.3637
7279 57071 20 1.56488 1.6848 1.8049 14 147.9007076 59.030281 1.20157 134.897829 55.975267 45.2325 45.1153 41.2526 37.5955
7280 56709 28 1.64036 1.76594 1.94201 11 145.958 55.8141 1.28762 123.153633 56.635025 53.6383 51.2776 44.8183 43.6887
7281 57007 36 1.86651 2.04509 2.19547 16 143.519 57.0097 1.2242 121.823176 55.055093 41.7286 35.8879 35.6393 31.4916
7282 56660 32 1.69531 1.83218 1.9965 15 133.539 57.6866243706 1.1576 150.450891 49.624078 60.0434 67.9429 45.4629 53.9093
7283 57063 20 1.60652 1.69582 1.81428 14 145.6555118 59.6376554 1.19571 145.609674 54.691205 42.1832 41.4979 36.8197 35.2042
7284 56683 20 1.49326 1.59172 1.71604 11 126.527 58.8534 1.22385 149.811761 46.075114 53.8452 51.2196 49.6937 42.6067
7285 56991 16 1.44445 1.50758 1.5831 16 158.731 65.7779998016 1.10728 140.305045 54.462229 44.487 44.193 35.0918 35.6817
7286 57096 24 1.79945 1.92668 2.0558 14 141.622077667 57.9609271667 1.24082 143.210354 53.647723 36.5301 38.8056 28.3833 29.293
7287 57042 16 1.30075 1.35547 1.41948 15 137.647 56.893 1.22568 146.429223 52.392232 46.8256 51.9478 37.4251 41.6991
7288 57039 20 1.40706 1.50304 1.59436 13 139.915 55.6436 1.262 135.618185 53.934282 50.5872 46.9957 38.8611 34.9534
7289 57039 16 1.67805 1.76743 1.86208 10 147.283 63.9977497177 1.11225 138.492261 52.861197 41.9753 38.6385 32.126 28.8429
7290 57073 24 1.5222 1.60033 1.69617 14 140.061227167 59.120326 1.19746 140.896978 52.283079 35.4216 35.0193 27.768 26.2517
7291 56992 16 1.3733 1.43743 1.52945 16 140.549 61.9318 1.15665 143.963889 51.440347 44.1743 50.1379 34.3046 38.6699
7292 56709 16 1.20078 1.26045 1.34092 14 147.568 67.7390000458 1.095 146.911266 50.14282 53.7864 54.2722 47.7241 49.7778
7293 56741 20 1.4385 1.52858 1.62216 11 158.623 67.9276 1.08015 131.25726 52.459527 36.3483 33.9238 30.2067 28.7286
7294 56739 12 1.3911 1.43937 1.49537 11 159.557 68.34999823 1.0798 133.755766 52.474861 31.9617 30.8111 25.5935 25.3499
7295 57067 20 1.53396 1.67134 1.8012 14 149.1667822 65.8912132 1.08511 136.542522 52.026249 52.3509 52.6664 46.5606 44.8528
7296 57046 24 1.88285 2.0642 2.24923 15 141.614 63.9543340403 1.12509 139.131491 50.839298 26.3804 29.4969 21.9325 23.5559
7297 57040 24 1.62118 1.75253 1.89732 15 133.764 56.2448 1.28063 142.185679 50.382935 39.8045 42.8934 29.942 31.4756
7298 56661 20 1.72348 1.82562 1.94714 15 134.226 61.2384002441 1.18434 144.849123 48.954017 37.102 39.2636 27.1315 30.07
7299 56686 20 1.40732 1.47314 1.57456 14 131.137 59.4152 1.21197 147.767131 48.186092 61.6489 55.9966 54.1445 48.0486
7300 56707 32 1.28511 1.36371 1.42494 11 140.047 56.5481 1.30883 121.959613 53.179185 40.3285 38.2206 33.3995 30.7718
7301 56746 20 1.49198 1.66056 1.85098 11 181.788 69.7582006104 1.06523 125.134269 52.633443 37.8677 43.9574 34.8949 36.9261
7302 57012 28 1.58704 1.7022 1.894 13 138.201 56.7583 1.12097 128.849204 52.42361 38.2245 34.0794 27.3184 25.5656
7303 57013 24 1.78433 1.88608 2.02563 16 132.611 54.0208 1.24694 132.52891 50.478868 27.9184 24.308 24.1517 18.7262
7304 56745 24 1.53502 1.62253 1.70277 11 149.81 67.9976665548 1.08845 135.694393 50.640664 57.0175 60.8372 45.0201 47.9851
7305 56991 12 1.21357 1.2803 1.35503 15 136.054 62.4873326518 1.13885 138.221335 49.422743 36.6764 36.3472 29.3214 28.7569
7306 56684 20 1.22788 1.28154 1.37912 11 137.216 64.1577995728 1.14679 141.064687 48.841884 73.2765 59.0884 62.4801 45.8561
7307 56720 20 1.59176 1.73496 1.88648 10 137.112 66.2518007202 1.12452 143.469496 47.703018 42.0692 47.7494 38.3197 39.5687
7308 56709 12 1.3259 1.40023 1.48783 13 127.862 59.475 1.17621 147.047418 46.756407 37.3567 34.8791 33.5044 28.682
7309 56991 20 1.33858 1.41418 1.47578 14 135.637 58.6962 1.21796 124.681945 50.59047 50.0431 49.6548 40.7949 40.5068
7310 56693 28 1.44994 1.58414 1.70701 13 156.279 68.4895712019 1.09153 127.440786 50.684056 44.2456 40.6189 41.1185 34.7903
7311 57038 36 2.29162 2.42661 2.57119 12 133.584 56.0572223511 1.28635 129.910218 50.188546 29.0667 25.0528 25.3326 19.5001
7314 56990 16 1.1941 1.27167 1.38725 17 130.518 59.6235 1.19059 138.065169 47.926676 44.0161 51.9536 34.5094 41.2897
7315 56685 24 1.91193 2.09058 2.25412 13 130.602 63.5296673431 1.17502 141.075482 46.343289 42.3102 38.195 39.0566 36.1539
7316 56710 16 1.31865 1.38608 1.50555 13 133.159 67.299 1.10434 144.645535 45.983865 41.7028 37.6599 35.1386 29.4964
7317 56992 20 1.32684 1.38464 1.4687 15 138.803 63.555 1.15202 121.648126 49.74509 49.3242 52.2407 40.85 43.5519
7318 56990 20 1.3044 1.39246 1.53428 14 129.457 53.662 1.3097 125.964687 48.6943 40.53 49.8249 30.782 38.4172
7319 56962 24 1.74018 1.8857 2.06222 10 131.073 56.8248 1.30648 128.474912 48.281019 27.787 25.814 21.1306 19.8455
7320 56722 32 1.6723 1.78383 1.94269 11 131.852 62.017 1.11998 131.029353 47.706544 39.51 49.6347 35.1134 42.1746
7324 56935 16 1.4278 1.52488 1.71465 11 127.938 54.7957 1.23262 121.442578 47.797185 37.5633 33.5109 29.1829 28.2524
7325 56717 20 1.51082 1.6338 1.73934 11 127.282 59.3724 1.21511 126.714376 46.303048 45.2832 43.9701 37.3155 34.6366
7326 56710 12 1.21057 1.26733 1.34877 11 128.449 62.9767 1.13509 129.655512 46.002574 33.3774 34.4135 26.3383 27.388
7327 56715 16 1.39092 1.47598 1.56163 16 127.313 60.8077497787 1.17673 132.602459 46.052194 42.8826 40.9456 31.1637 29.7498
7328 56715 36 1.36661 1.45089 1.53003 11 133.569 63.7209994236 1.09304 123.823139 46.041669 42.85 44.8118 38.6206 35.4435
7329 56719 20 1.52534 1.64324 1.80424 10 128.704 57.3648 1.22696 151.135651 47.656668 41.0408 37.5727 34.4754 29.8628
7373 56990 20 1.43202 1.53144 1.68182 12 170.036 65.3535988342 1.10883 131.656228 56.617988 45.4377 46.8757 37.7517 38.5239
7374 56751 32 1.7458 1.93294 2.14044 11 190.353 65.7007499046 1.08667 129.412088 55.641916 43.382 43.4329 39.2816 39.7673
7375 56981 20 1.28096 1.37482 1.4922 13 178.877 66.3233992187 1.09342 126.068652 56.18435 52.0604 44.0954 45.5375 36.8536
7376 56749 20 1.58462 1.70364 1.82812 11 197.121 66.3961998047 1.07996 124.873828 54.546332 43.0426 43.7031 38.5944 38.6849
7377 56741 20 1.60666 1.71642 1.82074 10 203.13 68.5600012329 1.06096 121.791929 51.458365 44.9838 42.2789 39.5262 39.2598
7378 56715 16 1.22473 1.29997 1.4036 10 166.181 73.588751358 1.04657 123.88146 48.271106 48.2487 43.3278 37.1629 34.6097
7379 56713 24 1.33958 1.43168 1.53273 13 212.572 72.6266661682 1.05186 121.584043 46.115293 36.2254 34.5795 35.6574 28.2851
7380 56753 20 1.61866 1.73966 1.89098 12 208.591 70.8260013916 1.0447 165.055891 48.457973 39.132 37.8687 35.5754 32.9257
7381 56717 16 1.25563 1.3345 1.4569 13 152.973 71.2509988251 1.06597 154.061164 48.62477 46.915 41.7429 39.2314 32.6319
7382 56991 20 1.51046 1.59542 1.7345 10 150.273 69.9467987671 1.06581 157.094073 49.298008 54.2082 55.2319 42.432 42.7384
7383 56749 16 1.48238 1.572 1.6735 13 224.37 69.0647506409 1.05543 168.379146 45.864697 43.6817 40.8874 36.6892 34.3525
7384 56715 16 1.36485 1.48345 1.60008 13 143.145 72.0532500916 1.0638 152.79418 45.953399 46.4189 37.9307 37.7745 30.1921
7385 56710 16 1.3205 1.39287 1.48405 14 145.008 71.9857490845 1.06365 154.723231 46.417651 47.0194 46.59 43.5212 37.3394
7386 56769 12 1.4091 1.47157 1.60957 11 193.25 74.6420004069 1.03497 156.802922 47.493148 34.1029 34.6724 27.9428 28.5467
7387 57038 20 1.3721 1.4549 1.52858 11 162.054 72.0478 1.06172 159.914396 49.144152 41.1728 46.6652 31.1365 34.5732
7388 56783 20 1.43908 1.52566 1.62288 11 212.129 73.0436002808 1.03203 158.00301 45.93647 38.8572 46.2271 35.0691 42.6611
7389 56769 16 1.48717 1.58385 1.69353 10 219.479 68.6773 1.05919 159.783078 47.531046 29.6806 30.0486 26.2784 24.7709
7390 57130 16 1.84197 1.9403 2.06065 10 197.44158625 73.3185745 1.03862 162.720586 48.202462 32.3741 37.9333 29.4795 31.9424
7391 56781 12 1.31343 1.42947 1.5259 12 222.451 70.1283338826 1.05657 161.100704 45.963036 40.7341 39.1033 34.8714 32.5195
7392 56992 16 1.36645 1.51992 1.68093 17 142.628 71.7184989777 1.04405 163.365029 46.308379 41.6735 42.0818 31.6998 32.6922
7393 56749 16 1.57225 1.69142 1.82387 12 190.965 76.067 1.02736 165.984183 46.033259 43.4943 39.923 39.6876 33.8051
7394 57131 12 1.3908 1.45537 1.5415 11 191.365748 74.6157603333 1.0354 168.069226 47.666613 35.1845 38.5607 27.748 31.927
7395 57131 16 1.74645 1.849 1.98193 12 212.80646925 68.440827 1.07803 168.036019 49.77338 32.1645 33.7342 28.3585 29.8371
7396 56809 16 1.47707 1.55475 1.62175 12 228.428 65.2352504425 1.08112 171.200172 46.339009 52.9672 49.6598 38.328 38.3886
7397 57129 16 1.34403 1.41313 1.52983 13 155.31657875 71.598668 1.05431 170.593072 48.87568 49.3104 49.1902 40.3398 36.8359
7398 56781 12 1.16083 1.23967 1.31783 14 224.982 68.7453350423 1.06532 173.921496 45.992121 40.0696 43.1756 32.451 32.7161
7399 57162 12 1.46167 1.53253 1.60857 15 204.310233667 72.7586543333 1.04336 172.936292 47.976407 36.1682 36.43 28.5656 28.7996
7400 57134 12 1.15563 1.2116 1.26543 13 196.554376667 71.7402543333 1.05028 174.238314 49.973373 37.1025 42.9717 33.4018 35.4651
7401 56808 32 2.01749 2.204 2.42849 17 227.288 66.449124958 1.1002 176.574847 46.042502 42.5715 40.6253 32.308 32.77
7402 56810 16 1.5449 1.65017 1.72918 12 223.531 66.2122 1.0751 175.580997 47.664669 46.2211 49.6412 36.4378 40.8217
7403 57071 24 1.47483 1.61322 1.77982 15 193.481050354 71.0829901984 1.13838 176.820807 49.414713 48.9877 55.185 43.6211 44.3215
7404 56776 28 2.04159 2.20111 2.39324 14 205.207 72.9408567418 1.02996 178.516565 46.60711 37.2414 38.6683 28.1082 32.6424
7405 57134 16 1.3815 1.4251 1.47435 12 152.2497965 71.26702775 1.06624 178.622211 48.490548 45.6324 44.1744 40.2723 38.2634
7406 56805 24 2.06593 2.2185 2.36815 10 202.411 67.0076667684 1.09157 203.038386 47.666872 43.2023 41.27 34.4643 33.2503
7407 56772 16 1.41165 1.47905 1.58412 17 211.551 73.670249588 1.05005 202.740306 45.955977 48.3865 49.8486 41.2042 41.2676
7408 56780 24 1.71068 1.82588 1.95312 17 220.547 70.6176661275 1.0424 199.901545 45.994219 47.4888 47.89 37.0398 36.3678
7409 56809 12 1.48937 1.55717 1.6484 10 214.399 70.3616661174 1.05597 200.423759 47.892576 51.813 51.6334 41.9835 39.4266
7410 57104 16 1.4204 1.51835 1.62857 14 224.58895125 62.2289085 1.12607 196.454368 49.254726 44.4631 47.8961 33.8446 36.719
7411 56776 24 1.52772 1.63653 1.74887 17 194.66 71.3258337606 1.04509 197.971204 47.402476 45.7568 42.2753 36.39 34.154
7412 57162 16 1.45422 1.54562 1.66448 14 198.339436 70.67948025 1.04586 194.027826 49.808751 41.6649 42.8636 33.6815 33.149
7413 56769 16 1.49798 1.58538 1.69133 12 202.334 73.8767498169 1.03447 195.290174 47.075776 42.902 41.9619 38.6788 35.8565
7414 56748 12 1.18193 1.24983 1.3151 14 217.985 71.9586666667 1.04599 196.925094 45.937479 46.339 46.0879 37.7062 35.2946
7415 57097 20 1.42948 1.51852 1.6376 14 218.5467256 66.0140188 1.07044 191.047785 49.30607 53.2264 53.1945 42.1648 44.1058
7416 56810 12 1.32113 1.3935 1.47373 13 223.473 66.3119992472 1.08333 192.979436 47.752819 45.6358 41.6566 38.6071 32.732
7417 56753 20 1.6131 1.70604 1.82006 16 214.274 68.3906 1.11187 193.334119 45.935918 53.1465 49.6835 43.6677 39.6388
7418 57165 24 1.64797 1.7523 1.88048 13 199.687031167 70.0164121667 1.06251 187.639912 49.725515 35.1232 35.8104 26.0672 28.0289
7419 56811 20 1.6247 1.70006 1.80362 12 210.013 71.3134012573 1.04145 189.313259 47.771121 36.5586 36.1522 29.4702 27.9543
7420 56753 12 1.21833 1.27317 1.3763 14 220.515 70.6710005493 1.05332 190.773123 46.158188 32.2865 30.6328 26.8134 25.434
7421 57159 12 1.45947 1.54087 1.62687 13 219.455449333 68.444502 1.06812 186.363437 47.833468 32.8835 34.9846 27.2959 28.0097
7422 56799 12 1.40587 1.4684 1.55747 11 178.737 76.2843 1.03405 188.123359 46.058978 32.6441 30.5137 26.5916 23.3248
7423 57135 12 1.27943 1.35313 1.40007 12 190.137506667 72.738042 1.04547 182.163802 49.609634 35.0367 37.5864 29.0493 31.7284
7424 57160 12 1.20133 1.23897 1.27937 15 166.329817333 73.9212346667 1.04251 184.197795 48.177946 45.5555 43.2189 37.7771 35.2383
7425 56777 32 2.22025 2.36965 2.54149 14 187.248 74.929250061 1.03505 185.500902 46.015259 33.2551 36.4831 26.1204 28.3199
7426 56771 40 2.30907 2.49005 2.72364 14 194.171 71.6900002136 1.04329 181.423334 47.716243 40.1588 40.8973 36.9653 37.8814
7427 56751 20 1.78994 1.91776 2.04138 13 217.64 69.0556002197 1.06749 182.840195 46.175698 39.0531 34.3646 30.6433 29.2713
7428 56781 12 1.38753 1.4584 1.53653 10 187.508 76.1573337606 1.02864 208.26615 46.320041 49.4536 49.1227 40.9261 38.3114
7429 56740 16 1.2947 1.37507 1.49992 16 218.534 67.8537494354 1.15065 205.629168 46.017238 51.2579 47.4555 46.1748 37.8273
7430 57105 12 1.4766 1.54823 1.62827 10 221.636146 63.9656343333 1.10334 206.42405 49.621825 33.0849 40.2073 27.095 31.7875
7431 57162 12 1.4559 1.56037 1.65043 13 162.361378333 73.6600316667 1.04455 206.068329 48.038068 35.48 35.225 28.5131 25.8492
7432 57107 12 1.6654 1.73083 1.8074 10 158.578766 72.4732013333 1.05206 208.681293 48.659801 34.2666 33.6813 28.3176 27.0837
7433 57166 20 1.59482 1.74838 1.94188 16 190.5544762 72.29665 1.04503 199.328305 49.62081 36.7257 37.6241 29.0417 29.1511
7434 57166 12 1.26167 1.32067 1.40277 15 216.182917 67.857426 1.07271 202.894475 49.149625 34.5496 33.8581 25.7847 24.953
7512 56777 44 2.14649 2.26463 2.42162 11 223.095 63.3000001165 1.11204 132.439936 49.221794 32.1663 36.7632 26.684 31.6769
7513 56780 24 1.76105 1.8926 2.05695 11 227.069 60.0677 1.21491 134.829518 48.777045 32.9396 35.708 23.8968 30.3268
7515 56781 12 1.22477 1.30723 1.3996 11 229.163 62.8356665548 1.11294 134.620797 47.059499 31.5624 33.3929 26.97 27.6846
7516 56782 20 1.35716 1.44064 1.50702 11 231.858 61.0792 1.10367 136.741966 46.237383 41.4325 44.6695 36.1242 38.6998
7517 56772 12 1.31067 1.37207 1.4557 12 227.38 66.7749996338 1.07942 138.915646 46.146622 37.5299 37.1823 31.8007 31.8927
7572 56944 16 1.41513 1.4744 1.5484 10 62.9835 63.6280000076 1.14744 330.511988 18.578714 38.4652 44.024 28.9866 35.826
7573 56946 16 1.17905 1.24777 1.34837 11 56.9495 69.1243 1.09193 328.627965 20.329919 42.9255 47.0097 31.4489 41.4693
7574 56945 16 1.46825 1.57173 1.69882 11 63.009000679 64.5090002441 1.13767 332.653608 19.13674 43.258 47.551 35.7646 40.6815
7575 56947 12 1.1635 1.21647 1.26233 11 65.3907 66.2763 1.10517 330.873875 20.854494 33.4428 39.6045 23.2993 30.5608
7576 56948 16 1.1544 1.24767 1.31593 11 64.623 69.5312505951 1.09038 328.817088 22.670136 43.7704 54.4625 30.0032 40.0872
7577 56944 20 1.4133 1.51086 1.6293 17 43.1132 71.387 1.05711 336.680491 18.605086 43.1218 51.9345 33.2559 42.795
7578 56956 12 1.07607 1.14487 1.20907 11 59.6856672567 67.7486689453 1.09159 334.729193 19.997306 40.4742 45.6492 28.0658 35.5552
7579 56954 20 1.34396 1.43 1.53262 11 66.7814002747 67.2278000244 1.10131 333.027258 21.880353 50.2402 51.5816 37.0156 38.6065
7580 56955 20 1.46532 1.58534 1.73762 11 55.2718006042 73.728199231 1.0678 330.919339 23.397272 38.1139 45.0457 31.982 36.2997
7581 57195 20 1.36952 1.44592 1.55238 15 63.8796638 63.5281786 1.09181 338.836305 18.77323 46.4098 61.9111 39.1164 50.0697
7582 56960 20 1.21414 1.32734 1.42232 11 52.076 71.3351995972 1.08445 336.916536 20.977778 43.7966 51.2297 35.2846 42.4967
7583 56958 20 1.48784 1.58114 1.70898 11 55.9518 72.4801989014 1.07704 335.192256 22.658299 42.1141 47.5032 31.8795 37.6494
7584 56957 16 1.5317 1.61072 1.6896 10 63.4293 65.2462 1.13009 340.816104 19.727355 33.6244 35.3619 24.5289 25.6344
7585 57190 24 1.71398 1.79663 1.89145 10 75.7555546667 59.8320006667 1.18844 339.094663 21.371455 53.818 54.58 40.6684 44.451
7586 57186 20 1.7002 1.79766 1.90496 12 78.6303856 61.6383876 1.16765 337.620573 23.434428 44.5978 43.7112 35.4668 34.1866
7587 57297 12 1.29327 1.33403 1.41143 15 79.3593783333 58.6294583333 1.19205 341.271252 22.407478 42.5335 44.0439 33.4977 34.2946
7588 56903 16 1.646 1.74588 1.87142 11 47.3883 69.7679995728 1.08393 9.128141 18.469652 34.7772 43.7035 27.4147 37.6338
7589 56946 12 1.09393 1.15923 1.23503 17 52.3263 71.1549989217 1.06482 7.558966 20.412427 38.7505 45.0687 32.1415 35.673
7590 56944 16 1.30803 1.397 1.47245 11 63.1129999466 63.4030002136 1.14992 6.368495 18.475372 38.6744 45.2936 31.0809 36.1332
7591 56954 16 1.40595 1.45627 1.51348 10 53.68 72.6120021667 1.06539 5.623477 22.01583 37.3233 45.0543 27.0449 34.734
7592 56947 12 1.11243 1.1684 1.2251 17 24.2803 75.9019998372 1.03368 4.507645 20.019793 37.5967 40.548 28.2255 30.8796
7593 56958 16 1.4971 1.57195 1.66513 10 65.3587 67.7109998703 1.1063 2.690572 21.810116 37.8038 36.2825 27.3381 29.1564
7594 56947 12 1.22977 1.2726 1.3458 10 56.7973 68.2759996948 1.08683 2.222525 19.525767 34.9714 42.9313 24.6657 31.3824
7595 56957 12 1.33773 1.39287 1.42843 11 69.3510000814 64.824 1.11932 0.096191 21.378257 28.0056 30.7061 20.8575 24.3801
7596 56945 16 1.42313 1.48305 1.58435 10 26.8145 74.4260003052 1.04606 359.650424 19.147013 48.3657 54.2158 40.028 45.0596
7597 56973 24 1.65327 1.81248 1.97283 12 71.1199994965 66.3557 1.15602 358.264896 23.270666 40.6149 41.3284 32.1548 35.0348
7598 56956 16 1.24452 1.29577 1.37005 12 68.8252502136 64.279 1.14161 357.441284 21.011381 38.7867 43.9817 28.491 33.1789
7599 56955 20 1.55728 1.6525 1.79472 12 50.0331997681 68.946800592 1.10353 357.061858 18.697504 38.2655 39.4252 28.8479 32.377
7600 56984 16 1.49755 1.5783 1.70017 11 47.3685 75.4937494354 1.04551 355.528756 22.93297 34.5374 37.8153 25.9665 26.8894
7601 56959 12 1.24437 1.30533 1.3649 10 58.6053 69.419 1.07818 354.660309 20.769958 36.9468 40.1932 29.8283 32.4568
7602 56954 16 1.31017 1.3932 1.45635 12 62.4330007477 64.0977 1.1419 354.441404 18.676824 39.3668 40.6082 30.1559 30.0407
7603 56960 20 1.4753 1.54946 1.63616 10 32.028 76.9950005615 1.03976 352.950056 22.542238 42.992 46.094 34.0434 37.1326
7604 56947 16 1.17698 1.22082 1.26702 12 67.503500061 63.2285 1.1532 351.893758 19.941435 49.4039 45.405 38.3768 32.6524
7605 56949 16 1.4436 1.5205 1.62172 12 39.7552 71.16 1.07528 342.83443 18.615293 34.1001 36.6712 22.4424 26.9498
7606 56977 24 1.6127 1.69528 1.77078 12 50.9468 72.4134992981 1.08704 350.528623 21.914523 49.2815 45.2578 40.6786 34.8041
7607 56902 12 1.64503 1.70707 1.7635 10 50.2423 70.2473344116 1.071 349.842546 19.278679 41.8695 44.1207 34.0167 36.7599
7608 56945 20 1.41924 1.55772 1.66178 16 45.0066 70.1644008301 1.09066 345.142959 18.541026 47.4716 48.8625 39.2255 44.0922
7609 56959 16 1.29325 1.37895 1.4405 11 67.7757 64.8378 1.13528 343.226411 20.955136 35.4366 39.3455 28.1734 32.1939
7610 56980 32 1.4412 1.55355 1.68731 12 38.776 73.9109991684 1.05908 348.217248 21.102559 46.8649 48.4786 39.0135 42.0016
7611 56946 20 1.24346 1.29394 1.3668 16 47.3738 69.9866 1.09327 347.460352 18.904642 43.6334 49.2502 35.7806 42.6088
7612 56972 24 1.7063 1.7852 1.87887 15 36.0487 74.104666036 1.06609 345.55978 20.779438 40.4001 43.5506 33.507 37.1937
7613 56988 20 0.55206 0.56944 0.60088 11 22.67 79.2800002563 1.01906 344.052656 23.043696 37.5147 46.5603 30.6378 36.1506
7614 57307 24 1.32965 1.3801 1.43708 15 56.9296456667 72.4506593333 1.08975 346.453275 23.185284 45.535 45.9451 38.0951 39.8487
7615 56977 16 1.46005 1.5313 1.6411 15 38.6712 76.5394997711 1.03793 8.567985 22.511953 37.8799 43.457 31.617 31.8495
7616 56902 12 1.47213 1.5571 1.62997 11 57.504 69.3980010173 1.07806 10.238945 20.471343 38.9302 46.1167 31.718 36.0377
7617 56949 28 1.68161 1.78351 1.92404 10 62.1487 68.5897142683 1.14825 11.545185 22.276142 41.7929 37.2718 30.2839 27.0048
7618 56898 16 1.57155 1.6964 1.90528 11 27.5217 73.4485 1.0536 11.697225 18.462819 40.1295 47.8111 32.0514 37.3222
7619 56900 16 1.6654 1.77873 1.9065 11 27.3003 75.3345001526 1.0413 12.87442 20.07906 44.1891 49.9525 36.6721 42.0683
7620 56904 12 1.79177 1.85893 1.942 10 52.2017 73.4540007324 1.05019 14.215567 22.031352 34.9663 37.5857 27.6325 30.1956
7621 56985 32 1.73792 1.84555 1.96793 13 284.633 54.2479 1.18568 19.755577 18.422797 33.3216 33.9666 24.9646 25.5832
7622 56987 36 1.29137 1.37794 1.53302 13 49.2213 57.8731 1.10252 17.123054 18.429221 44.8473 39.6718 33.8709 30.1602
7623 56901 12 1.5024 1.61573 1.69207 11 33.3717 73.0413 1.05016 14.390263 18.439316 34.3638 42.8913 27.9256 34.9177
7624 57039 28 1.65016 1.77644 1.9752 17 279.56 52.61 1.22944 15.741256 20.186934 39.0849 48.712 27.5573 36.8382
7625 57011 16 1.31612 1.37387 1.45092 15 274.644 51.1598 1.23043 17.039484 22.248935 34.7437 39.646 25.4347 29.161
7626 56934 20 1.29734 1.36566 1.47268 15 278.992 48.6674 1.24357 28.810288 18.710417 41.6575 49.4521 30.2392 35.9449
7627 56933 16 1.30447 1.38872 1.5041 14 114.124 61.263000412 1.24174 26.258135 19.048143 38.5264 44.251 30.9079 34.4578
7628 56978 16 1.30732 1.38937 1.48182 15 281.186 52.6615 1.20894 23.761828 19.382764 32.8289 35.2016 25.3569 28.1567
7629 56988 20 1.35464 1.43114 1.53646 13 -62.10540047 65.6309997986 1.06429 21.220779 19.714176 40.2563 55.796 32.6172 43.2123
7630 57006 20 1.29778 1.39452 1.47428 12 287.124 59.9409997498 1.20448 18.450748 20.256575 37.3467 49.6717 29.6773 41.2983
7631 57279 16 1.2911 1.37872 1.44277 17 278.73001625 55.708083 1.22242 19.70318 21.967778 37.2865 43.4753 27.7724 33.0871
7632 56987 36 1.16298 1.24503 1.32492 15 278.899 52.9352 1.281 30.30601 20.691562 28.1406 29.0141 21.1936 22.6977
7633 56931 20 1.17684 1.22656 1.28266 14 278.862 53.2002 1.17123 27.793036 20.969677 47.4589 52.4641 36.0038 39.9507
7634 56935 12 1.30077 1.3874 1.47577 16 278.803 54.096 1.18851 25.1804 21.313476 33.7486 31.897 25.7035 27.4851
7635 56979 16 1.40683 1.51765 1.6536 15 277.893 54.1583 1.18787 22.394362 21.80357 30.883 32.9499 24.6395 27.6199
7636 56989 20 1.3349 1.41096 1.49762 16 279.909 58.4186003845 1.11962 31.220424 22.799849 37.1877 46.1085 32.0835 40.0047
7637 56933 16 1.1955 1.25278 1.35035 15 280.949 60.0077 1.11549 28.953417 22.977124 38.6533 45.277 31.8499 38.9303
7638 56981 20 1.25104 1.36352 1.491 15 275.841 55.4412 1.19483 26.62468 23.364347 38.0702 38.7989 27.3008 30.6235
7639 57297 28 1.65087 1.73299 1.8122 10 78.1061381429 63.8767872857 1.14806 327.123812 24.440164 57.5118 57.8147 48.1914 60.1304
7640 57311 16 1.2829 1.3365 1.38563 13 75.71500725 67.8291675 1.08759 329.479353 25.082658 41.4145 38.0962 36.4419 33.7471
7641 57307 16 1.42255 1.48627 1.57732 17 76.38026325 70.945149 1.08087 327.237043 26.724499 40.1748 49.0263 31.4211 41.0904
7643 57302 16 1.69513 1.78802 1.87685 10 72.77885775 68.28077275 1.10264 333.185066 24.427058 40.1277 41.3638 34.5777 33.2845
7644 57327 24 1.76868 1.87748 2.02603 13 49.0618165 77.908294 1.04414 331.698208 25.962724 39.393 43.1063 36.8242 32.119
7648 57329 12 1.21127 1.26293 1.36013 11 63.874422 74.3243156667 1.04633 335.816436 25.056668 42.8055 48.8041 32.7633 38.2753
7653 57306 16 1.53513 1.6078 1.69035 12 72.83049825 67.5202861747 1.10959 339.563444 24.071312 50.8108 57.6832 38.1512 41.9301
7654 57330 16 1.6905 1.76622 1.85105 10 64.76439475 75.11895675 1.05091 338.128285 25.911986 38.9317 41.304 28.2721 31.6663
7655 57336 16 1.50787 1.60045 1.71377 10 64.41770125 76.3167845 1.04402 340.157444 26.524571 51.5265 50.4948 37.3795 39.2996
7656 57338 20 1.72228 1.82244 1.93058 10 63.7358336 77.29655 1.00868 342.591407 26.975447 41.0967 39.8757 32.3066 29.7558
7657 57309 24 1.42825 1.50093 1.59197 13 78.2341816667 63.2286513333 1.02327 341.962931 24.737958 47.3513 51.0441 37.2901 37.2414
7658 57312 36 1.61941 1.7222 1.8298 15 37.2976898889 77.9408532222 1.07941 344.396014 25.138904 44.6109 48.7566 37.1178 39.4265
7659 57060 32 1.23762 1.33465 1.43523 17 139.257741429 62.2120063988 1.10369 32.184708 26.742796 53.2885 62.556 37.9552 49.6094
7660 57357 16 1.31128 1.39935 1.456 13 66.10745725 74.551269 1.05442 8.171439 25.873572 39.4503 40.4601 31.6109 32.4169
7661 57286 16 1.5395 1.60805 1.6738 16 58.90261625 74.18613675 1.05553 6.804331 24.127566 35.9567 42.678 26.7384 34.9615
7662 57358 12 1.3079 1.39103 1.4896 13 73.065367 71.6136196667 1.06358 5.344496 25.941894 39.8274 38.7256 28.2425 30.6161
7663 57328 12 1.398 1.4645 1.535 11 30.632739 79.4245376667 1.01969 4.022543 23.885465 36.6442 43.2323 27.5703 34.8091
7664 57367 20 1.4979 1.57514 1.64394 11 45.370551 79.8593006 1.01625 2.441284 25.785008 45.3836 47.5391 34.5285 35.1005
7665 57328 20 1.59758 1.69524 1.7904 16 55.0900393355 73.9908962 1.01972 1.142783 23.68714 45.3628 47.1153 36.4737 38.7765
7666 57339 16 1.48577 1.60875 1.73588 14 72.8400835 70.3767549946 1.08484 359.548152 25.441924 34.6213 32.4665 27.0759 25.089
7669 57329 12 1.16207 1.201 1.2425 15 60.9166576667 73.968743 1.04805 351.286899 24.193547 43.9488 45.3954 33.3379 35.081
7670 57328 20 1.47342 1.57218 1.7531 15 75.168129 65.010706 1.15359 348.90017 23.80721 42.5784 49.547 34.5169 38.7598
7671 57360 12 1.3869 1.4323 1.50463 10 5.72967333333 84.321569 1.00455 9.965768 27.79285 41.6033 44.8033 34.004 36.5863
7672 57339 16 1.5245 1.61015 1.70823 10 50.57009775 76.67047175 1.03981 10.057279 24.347797 41.3356 46.2369 33.2731 35.3296
7673 57329 12 1.32023 1.44047 1.56343 13 53.0380413333 74.2252946667 1.00745 11.500403 25.902276 34.8776 34.9144 26.756 27.5718
7674 57359 16 1.35387 1.43005 1.54805 15 30.2912215 83.13085125 1.01129 12.840352 27.982452 52.8879 51.4411 45.7301 43.3907
7675 57327 24 1.73542 1.85458 1.9913 11 71.6923733333 67.9957249591 1.04677 13.109074 24.183594 40.9514 47.4535 30.011 37.5828
7676 57329 12 1.20113 1.26983 1.32197 14 55.713685 78.4784886667 1.02545 14.526366 26.110748 39.8355 44.1796 30.5658 35.8147
7677 57363 24 1.47505 1.5832 1.71175 16 267.225387333 55.8460941667 1.28326 15.723848 28.052252 44.9578 39.4308 37.2562 33.2919
7678 57282 20 1.29102 1.39266 1.52638 17 273.2280948 53.9480462 1.22729 15.892441 24.121981 37.021 49.1108 26.5081 36.8403
7679 57367 24 1.64258 1.7077 1.77847 16 267.902585 50.592234 1.26152 17.388979 25.880781 36.1456 43.3654 28.751 33.921
7681 57042 28 1.25036 1.3372 1.4631 13 273.563 53.7427 1.17332 18.78119 23.929586 61.7961 72.54 45.6849 56.6282
7682 57415 48 1.88902 2.04944 2.22811 13 268.895265833 51.8245885833 1.15424 20.205996 25.816455 46.1888 48.2563 37.6784 44.0233
7684 57286 20 1.33192 1.40902 1.47612 15 60.0573014 57.068823 1.18863 21.373778 23.916631 43.6744 44.6998 31.5009 35.5357
7685 57062 28 1.49761 1.59166 1.72903 16 -90.0476777143 53.8260065714 1.18557 22.858935 25.923803 36.6777 45.7338 27.3628 36.5842
7686 57015 32 1.83199 1.93853 2.0952 10 264.233 50.0117 1.37699 24.298501 27.914529 35.9628 50.1311 26.227 41.1135
7687 57007 20 1.44172 1.58476 1.77034 14 273.33 52.7526 1.18353 24.000951 23.695765 34.4147 36.6378 30.0278 32.6256
7688 57360 20 1.47054 1.54524 1.6407 16 278.244687 63.6542376 1.13168 25.521255 25.672025 44.8842 45.0388 37.5394 39.8725
7690 57046 16 1.3374 1.42945 1.55115 11 273.887 57.6005 1.28364 28.244207 25.421509 23.3614 31.7743 18.6246 26.7232
7691 57360 16 1.23565 1.29217 1.36215 17 271.4932315 60.03775475 1.11998 29.81399 27.24916 39.0745 43.1226 30.5213 35.9321
7692 57064 24 1.24105 1.35065 1.44152 12 -85.3017433333 57.7291118333 1.14615 30.789926 24.871369 42.8657 57.0971 34.3485 47.7092
7693 57361 16 1.57267 1.68557 1.81015 11 73.97806325 75.0292015 1.05241 7.083168 27.83388 33.8487 41.6605 27.5293 32.4138
7694 57359 16 1.50125 1.6068 1.75628 13 71.4298685 76.10546025 1.04594 4.189556 27.779088 40.2361 39.3511 32.3939 34.1044
7701 57356 48 2.07658 2.24048 2.45186 10 60.8776144167 75.2451711667 1.07519 352.184138 26.236978 51.4478 45.662 43.6846 39.9926
7703 57333 16 1.45872 1.54883 1.63335 10 78.3202305 67.8600265 1.10713 349.566496 26.042118 43.585 53.0807 36.3947 43.6424
7705 57332 24 1.75573 1.82637 1.91423 10 67.3819415 72.5634526667 1.09288 346.921276 25.618698 40.6878 42.5669 32.5778 34.5991
7714 57363 16 1.43345 1.56205 1.71588 13 -28.09595425 79.44161775 1.00566 8.459485 29.895177 36.7358 35.3378 30.7276 27.9571
7715 57364 16 1.40007 1.47343 1.56605 11 183.537145 77.6514425 1.00958 9.492371 31.769991 37.8917 43.5645 30.5447 35.0402
7718 57362 16 1.52952 1.60732 1.74677 11 85.322632 73.3369015 1.06391 11.362026 29.997685 43.1675 42.4747 33.9091 33.5736
7721 57360 16 1.16945 1.2548 1.38603 13 89.42279875 68.65430025 1.10601 14.340921 30.133079 50.4177 51.5125 41.2407 41.9642
7818 56989 20 1.3011 1.37922 1.44612 12 -9.6648 56.5274 1.18917 21.500229 0.022459 42.9841 56.7457 31.1674 46.0462
7819 57280 24 1.4063 1.49837 1.5847 13 -10.8781208333 58.1411933333 1.16525 43.205384 1.962155 45.4579 53.3668 34.2703 45.2413
7820 56984 32 1.44695 1.52603 1.60219 16 -3.53687 56.8812 1.193 44.079248 -0.058963 42.2401 52.8732 32.7749 42.2698
7821 57279 12 1.23553 1.32077 1.399 13 -1.93466433333 59.0920826667 1.16475 40.883726 1.945782 39.4299 39.5828 29.364 32.4312
7822 57041 32 1.75177 1.87719 1.99497 12 0.66925 56.7194 1.19666 41.983428 -0.208893 58.8379 54.9028 38.5393 39.8837
7823 56978 32 1.97661 2.1031 2.27895 14 -0.728125 54.7162 1.22357 43.256962 -2.36627 34.761 38.2284 24.6784 30.699
7824 57282 12 1.60147 1.6683 1.76017 16 -5.01191366667 59.0997846667 1.16367 38.780731 2.031621 36.7195 39.9578 27.9363 32.0565
7825 57030 36 1.53571 1.66148 1.79092 15 1.07255597758 56.0859843487 1.19525 39.696608 -0.408874 42.573 57.9773 30.6891 45.3787
7826 56931 20 1.34348 1.3914 1.43596 11 -7.4204 54.3996 1.22503 41.033235 -2.500827 41.4224 50.2716 28.8933 38.0336
7827 57278 16 1.30487 1.37565 1.4575 13 -13.221132 58.50447075 1.16619 36.573122 2.043391 40.0537 44.5962 31.1818 37.386
7828 57039 28 1.8202 2.0091 2.16576 14 2.94386 56.8983 1.19504 37.40136 -0.144453 45.0196 55.0573 30.9088 38.3961
7829 57011 20 1.29458 1.38508 1.47808 17 -8.6632002779 54.5026 1.23452 38.841702 -2.322432 33.0484 43.5399 20.9903 33.4605
7830 57043 24 1.34875 1.42103 1.48948 10 -13.3762 58.4138 1.16826 34.258614 1.945728 44.4851 51.1031 31.5198 39.2692
7831 57016 56 1.81052 1.96661 2.16066 13 -0.394785794054 56.7166 1.19349 35.094787 -0.189307 44.1134 55.0634 31.8531 39.9895
7832 56904 24 1.7475 1.81913 1.89335 14 -0.433834 54.717 1.22383 36.426922 -2.160341 41.0261 50.8604 26.5135 35.5032
7833 57286 16 1.38372 1.45487 1.50602 14 -21.0739145 57.399745 1.2099 31.967758 1.949445 42.6101 50.6639 29.3463 40.4374
7834 56979 28 1.40067 1.51511 1.64506 11 -5.38971 56.073 1.20168 32.952982 -0.245364 55.9184 76.0139 41.8371 58.8741
7835 56986 32 1.79824 1.89281 2.00267 16 4.28713 54.6655 1.22377 34.182298 -2.053957 47.4885 59.7404 30.421 44.5828
7836 57278 20 1.3954 1.46634 1.53936 11 -0.2543662 58.7349234 1.17134 29.616208 1.880855 44.7005 58.8051 32.3384 44.2737
7837 56987 28 0.0 0.0 0.0 16 4.88428552491 56.2129 1.22164 30.791767 -0.123233 33.5882 40.6805 26.7678 32.2254
7838 56958 24 1.62827 1.7419 1.8475 16 5.99566641267 54.4647 1.24467 31.682952 -2.087232 41.481 50.2355 30.0149 40.2298
7839 56900 24 1.2364 1.30215 1.38608 13 -6.416 58.4215 1.1683 27.395058 1.952203 81.24 78.3056 63.5337 65.2454
7840 57003 16 1.42987 1.5063 1.63323 10 4.5535 57.0242 1.19594 28.41085 0.069406 46.4598 49.2784 32.9768 36.7601
7841 56960 28 1.54563 1.63494 1.72499 16 -4.12971 54.3743 1.22914 29.517858 -2.035111 49.3119 60.351 34.1623 50.5172
7842 56899 24 1.55818 1.63595 1.72267 13 0.549333 57.8293 1.18483 24.964394 2.110208 50.2298 68.5915 35.9275 56.5396
7843 56902 20 1.2209 1.269 1.33376 13 -20.087 55.5664 1.20343 25.971104 0.067993 59.3133 72.2633 43.789 61.1594
7844 56982 16 1.32773 1.39475 1.4311 12 4.36325 55.1678 1.22253 27.258484 -1.80817 40.0333 46.7455 27.3596 39.1465
7845 56980 20 1.44748 1.52442 1.60516 11 -9.4848 54.3314 1.22037 25.140518 -2.190522 46.568 53.303 31.5052 39.4493
7846 56984 24 1.72682 1.82765 1.93555 12 -3.2365 54.704 1.22404 23.007515 -1.958779 37.8331 40.8859 29.2818 33.1115
7847 57012 20 1.4715 1.58582 1.69504 11 -5.20600009537 57.187 1.18844 23.794274 0.080542 39.0634 56.1121 27.982 43.4232
7848 56959 56 1.32118 1.38706 1.45961 12 -0.803643 56.8807 1.19508 359.207259 0.250912 109.603 125.305 91.5113 100.416
7849 56980 24 1.65533 1.81135 2.03653 10 14.2218 57.7703 1.20913 358.186366 1.90842 39.9566 43.7454 27.0313 34.9126
7850 56956 16 1.37205 1.42325 1.4756 10 15.6885 54.4425 1.24401 0.366426 -1.579839 43.0831 46.4468 28.1998 33.1641
7851 56932 20 1.54268 1.62796 1.72932 16 -15.9052 53.9256 1.21595 358.112039 -1.793772 40.0477 49.2516 29.0699 39.5169
7852 56987 32 0.605875 0.640137 0.673475 10 -4.2895 58.4434 1.16444 0.739052 1.961264 37.4101 41.3328 26.841 33.0851
7853 56988 24 1.73623 1.8471 1.97228 10 8.53 58.3607 1.1919 3.198183 1.997109 35.1391 42.5331 24.8596 32.1736
7854 56989 24 1.63547 1.71385 1.80608 10 8.38733 58.2962 1.19259 5.779824 1.918759 41.7537 43.6235 32.7592 36.8004
7855 57011 28 1.60966 1.73077 1.86764 12 -4.50114 58.4431 1.18617 8.173882 1.948894 38.4625 44.7362 27.2034 35.0632
7856 57260 16 1.55475 1.63175 1.7245 12 -10.74396675 58.5022605 1.16571 10.310057 1.899081 42.0033 49.4086 31.6671 40.6956
7857 57278 20 1.46102 1.50374 1.55086 12 11.5509488 58.328674167 1.19001 12.659157 1.97616 47.0217 54.6464 31.1948 39.3834
7858 57281 20 1.45492 1.58558 1.73262 11 -7.6730916 58.854105 1.16793 15.074223 2.024318 43.9974 46.8176 32.3513 36.507
7859 57282 16 1.6617 1.72803 1.78583 10 8.75727775 58.8175695 1.17567 17.450542 2.070006 45.8409 56.4488 32.5438 45.0383
7860 57006 20 1.52722 1.68994 1.86034 13 -8.40619985733 58.6192 1.16391 22.599575 2.037958 43.4932 42.7941 33.6904 36.23
7861 57281 12 1.3057 1.37983 1.42373 12 -17.592938 57.9772043333 1.1737 20.079178 1.98842 42.3483 52.0165 30.7351 40.7539
7862 56984 16 1.52253 1.5893 1.67065 10 -6.19825 57.1522 1.21125 1.849833 0.254191 31.683 41.4588 22.6356 29.6334
7863 56975 28 1.50217 1.59836 1.72273 13 -6.57242862075 54.7693 1.21282 2.869729 -1.67806 40.4229 53.5096 27.1051 42.5378
7864 56979 32 1.6861 1.83081 1.99998 13 -6.81425 56.5691 1.20325 4.489832 0.028392 59.2739 59.2443 45.2242 46.3174
7865 56955 28 1.32549 1.39356 1.48229 17 1.34657 54.9999 1.21737 5.415564 -1.97017 47.8468 78.5653 34.2842 58.0615
7866 57002 32 1.38336 1.48341 1.60289 11 12.2246 56.5333 1.20472 6.786899 0.152439 60.2654 63.9927 46.9414 44.4331
7867 57003 24 1.33007 1.39195 1.52002 14 9.10850009298 54.4633 1.25069 7.909976 -1.895595 50.4925 57.3078 32.9173 38.2431
7868 57006 20 1.3938 1.45272 1.56652 11 10.393 56.4736 1.2145 9.14897 0.030337 45.5515 52.6126 32.8206 41.3668
7869 57012 20 1.51806 1.59946 1.68882 12 1.2054 54.8828 1.22629 10.363347 -2.018007 39.3117 46.0272 27.4974 34.4265
7870 57016 60 1.84731 1.99971 2.20049 11 -0.0209335 56.8193 1.19756 11.54798 0.00257 56.9248 61.5355 42.8006 46.3103
7871 56902 20 1.35464 1.39914 1.4426 14 -3.1214 55.162 1.21642 12.963495 -1.698799 64.1461 61.1964 46.9903 47.2868
7872 57279 20 1.49736 1.5765 1.64082 11 19.0279904 55.5061228 1.24043 14.174092 0.100248 44.0262 52.3437 32.6069 38.1039
7873 57307 20 1.5391 1.64424 1.71422 11 -1.2750012 55.129366 1.21935 15.564421 -1.782667 44.4023 47.183 31.0649 35.2116
7874 57279 16 1.48805 1.55295 1.62725 12 -14.05809775 56.43390325 1.18987 16.66934 0.168655 42.7871 44.6096 32.2015 35.5154
7875 56980 32 1.76966 1.87051 1.99304 17 2.36400012994 54.9801 1.22957 18.104112 -1.898422 40.5799 52.5537 31.1046 40.1302
7876 57002 16 1.26345 1.38125 1.47905 12 -5.87875 56.9642 1.18876 19.175917 0.055291 44.0985 48.6432 31.9832 36.4222
7877 56898 20 1.64618 1.757 1.8777 12 -16.3818 53.7638 1.21981 20.635089 -1.982391 39.8071 54.5374 27.9926 40.317
7878 57340 44 2.1965 2.31872 2.48827 16 8.54751018182 51.7198812727 1.26546 44.150218 -4.515028 32.2855 35.0435 25.5941 32.0034
7879 57359 20 1.7355 1.8079 1.88492 10 -2.9223842 52.6188848 1.25786 42.047968 -4.562259 37.9466 49.1631 26.6261 42.7878
7880 57336 16 1.30935 1.39818 1.46707 14 -7.687755 52.382794 1.25569 40.016819 -4.426082 38.4135 40.2278 25.3125 32.5673
7881 57282 12 1.27763 1.34367 1.39207 13 -1.84526833333 52.794194 1.25421 37.537309 -3.837168 33.5622 44.7067 24.7288 34.621
7883 57331 16 1.58368 1.64117 1.69767 16 13.8090535 50.71488225 1.31095 35.094914 -3.869686 38.5836 47.5875 26.5409 34.0483
7885 57336 32 1.63256 1.71372 1.79745 16 1.227315125 52.6353105 1.24758 32.983285 -3.887805 73.6476 85.6174 57.6406 66.9463
7891 57332 20 1.6276 1.77056 1.92328 15 -3.5738906 52.9101164 1.24849 30.499425 -3.996975 34.1532 42.8077 24.2969 32.9521
7892 57333 16 1.39085 1.46408 1.54067 11 -13.0317625 52.37204225 1.25106 28.331679 -3.952419 45.4705 52.8491 31.6034 39.5661
7893 57286 20 1.58502 1.66204 1.79512 12 -9.3726062 52.7086614598 1.2562 26.372667 -4.083103 40.4317 59.4291 28.6113 46.7205
7894 57339 32 1.79948 1.96411 2.25205 17 8.135156 52.566309375 1.26502 24.026963 -4.156325 40.6733 49.7223 28.142 38.4959
7898 57363 20 1.48528 1.57852 1.69574 15 0.1314728 53.2025496 1.25153 1.625783 -3.736634 35.4504 41.9005 25.2906 33.7195
7900 57358 24 1.76358 1.84805 1.91883 16 -1.53307266667 52.8169238333 1.25106 4.017135 -3.950763 45.5932 45.2696 31.3376 35.4734
7902 57362 20 1.49076 1.62138 1.77504 15 -3.9184628 53.1544774 1.24656 6.671402 -3.874144 36.5574 45.213 24.9465 34.3817
7904 57358 28 1.47787 1.6127 1.8653 17 -5.23582685714 53.062891 1.24794 9.210802 -3.956223 44.6919 51.7316 31.2104 41.099
7906 57333 24 1.66953 1.75932 1.92002 12 10.369769 52.7926628333 1.2576 11.974068 -3.767671 36.4394 46.0449 22.761 35.5165
7912 57310 20 1.45534 1.55472 1.64116 11 6.5682326 53.037919 1.26368 14.501321 -3.707358 41.7006 46.2454 27.8796 35.8702
7913 57333 16 1.24755 1.29142 1.37203 14 7.73100325 52.9530305 1.2612 21.723485 -3.865523 42.9085 52.0094 26.8693 37.5424
7914 57331 28 1.50256 1.58557 1.68106 14 -0.537144428571 53.1123196044 1.24888 19.380884 -3.976566 40.4661 52.2713 26.2061 39.1378
7915 57309 20 1.51142 1.59774 1.69864 11 -0.8199486 53.4045168 1.24656 16.842305 -3.82546 49.2299 56.6273 31.8927 44.6557
8054 57194 16 1.66662 1.8285 1.95283 10 230.73640225 53.03085075 1.21192 252.086893 48.704971 35.1044 35.922 31.5273 31.8218
8055 57187 16 1.46675 1.5601 1.6808 15 224.84099 57.871396 1.15208 251.940593 50.711859 34.2734 39.9021 26.9226 30.7726
8056 57186 16 1.40865 1.46758 1.54002 15 229.8450195 53.0611845 1.21194 248.816642 49.233267 45.3334 44.9693 34.229 33.7878
8057 57190 20 1.58524 1.6757 1.8097 15 221.6656566 56.5112266 1.15619 250.674959 52.718248 41.2407 40.5251 35.472 32.0917
8058 57196 20 1.85378 1.97048 2.10678 10 225.3380172 54.8615536 1.23335 248.126628 51.398541 37.8314 42.6361 31.0762 34.9007
8068 57185 16 1.70145 1.77828 1.94915 10 214.9998745 50.481349 1.26236 242.439364 58.774286 39.3628 37.3291 28.6464 28.5343
8159 57064 16 1.39875 1.49423 1.59102 11 134.742158 56.507197 1.23403 173.187915 51.043637 46.68 41.3828 37.5599 32.0831
8160 57071 16 1.61415 1.71023 1.82503 16 139.01667625 61.76745975 1.15973 169.916079 50.910184 39.9335 37.7104 33.6305 30.6836
8161 57127 16 1.30665 1.38565 1.46883 17 139.332108 63.1900405 1.14225 165.712383 50.377392 33.2185 35.0003 27.3629 26.199
8162 56993 16 1.61965 1.74833 1.92575 16 148.592 68.1104992828 1.09165 162.80295 50.157275 31.2148 29.7804 25.35 22.4645
8163 57049 20 1.47456 1.56278 1.65096 11 142.285 59.697 1.19847 174.925898 53.234315 53.1665 60.1772 40.5749 47.6034
8164 57127 12 1.34103 1.40423 1.49287 12 152.372274667 65.73869 1.10344 170.869861 53.0714 41.7467 38.368 32.7112 30.9927
8165 57374 16 1.50135 1.61215 1.71595 14 151.93483575 65.17945425 1.1398 166.852772 52.39273 38.6136 35.4931 29.947 25.8091
8166 57130 20 1.58962 1.66892 1.75258 16 150.2495474 65.9270304 1.10059 162.912372 52.375477 39.0316 36.4705 30.0013 27.0612
8167 57071 24 1.82138 1.9152 2.03915 12 139.1884235 61.0275028333 1.14907 159.507554 51.232189 42.2523 35.1989 33.5349 27.4457
8168 56992 12 1.36783 1.4335 1.49673 12 142.542 65.1553334656 1.11077 155.727601 50.478325 38.6724 39.8495 30.8375 31.2263
8169 57071 32 1.81619 1.91761 2.02905 17 147.084573125 55.181345125 1.26733 127.744953 57.706924 37.7347 37.905 32.0865 30.2456
8170 57131 16 1.53062 1.6142 1.70205 13 152.19167325 62.4074635 1.10689 172.042425 55.276099 38.0753 36.0217 29.4609 25.802
8171 57135 16 1.3817 1.44758 1.50517 11 153.031932 64.13496925 1.1169 168.016564 54.505858 40.4765 43.1058 31.8422 31.8841
8172 57423 16 1.78157 1.92965 2.09915 14 154.8752655 64.744652 1.11056 163.841266 54.501345 37.6356 36.1813 31.8228 29.3978
8173 57375 16 1.4049 1.47595 1.5514 14 142.16718625 58.886712 1.19449 159.481189 53.701968 44.0271 37.2301 36.3576 28.0
8174 57374 12 1.3919 1.44773 1.532 15 140.213692333 59.815918 1.16911 156.152511 52.459494 34.9185 29.594 29.5689 22.4438
8175 57039 24 1.48573 1.61223 1.72867 15 145.318 64.7415000305 1.11797 152.205577 51.574414 53.5247 56.4968 39.8133 41.2991
8176 57131 12 1.417 1.4748 1.54743 17 161.486069333 63.1725816667 1.12592 173.48146 57.45493 32.0377 27.6656 25.3635 20.4058
8177 57374 16 1.43412 1.51342 1.61187 13 151.07633625 59.6833415 1.17866 168.673632 56.954881 39.5978 39.2985 31.7578 28.9928
8178 57428 20 2.0159 2.15278 2.28624 10 152.3564334 60.8978258 1.15888 164.63157 56.587452 40.7447 40.775 34.0874 33.2028
8179 57429 12 1.53103 1.60597 1.73983 10 158.342681 64.1893156667 1.11649 160.45388 55.853208 44.2694 42.158 37.3184 35.0432
8180 57345 20 1.7595 1.85946 1.9602 16 144.8999548 58.6687824 1.21018 156.105999 54.926313 40.4608 38.2278 29.1083 27.4221
8181 57073 20 1.62738 1.732 1.85504 15 147.8012546 62.3622452 1.15913 152.475637 53.825027 38.2858 41.5856 31.5149 32.3183
8182 56993 20 1.57262 1.69056 1.8101 15 146.144 63.2852 1.14984 148.747418 52.630779 41.464 42.32 29.7225 27.6079
8183 57375 20 1.2355 1.30466 1.37738 13 157.2800948 59.6246184 1.18459 170.555654 59.079989 43.2916 37.2749 31.8104 29.6831
8184 57426 24 2.0105 2.2215 2.47272 10 157.201876667 59.7492296667 1.15991 165.764671 58.951243 32.8166 33.0793 27.1405 24.0799
8185 57431 20 1.88904 2.01662 2.17698 10 158.1603096 61.264714 1.14076 161.292252 58.204835 42.6913 40.4903 39.6142 31.8043
8186 57452 16 1.23625 1.3004 1.3701 13 151.85657425 59.85260225 1.1757 156.528741 57.124654 40.5069 35.9816 34.0377 29.2263
8187 57423 32 1.97765 2.1367 2.29814 17 147.058212875 57.171656 1.27147 152.247945 56.346565 45.8459 45.9264 35.7295 32.5334
8188 57348 16 1.60542 1.6908 1.79097 16 155.782615 64.484002 1.09543 148.753913 54.860513 40.3498 39.3029 31.1991 27.8099
8189 57448 24 2.05298 2.2178 2.4183 16 160.092902667 60.7804135 1.13538 156.920894 59.081868 41.7279 36.8257 36.5794 31.5743
8190 57448 24 1.73198 1.85685 2.03645 17 152.712142167 58.022582 1.18867 151.961625 58.684276 47.3227 47.8096 39.307 35.9775
8191 57390 16 1.38053 1.44675 1.51855 15 152.55949775 60.41939625 1.1681 147.630467 56.975022 43.5469 37.963 36.9728 29.7592
8192 57348 24 1.66805 1.76133 1.86722 13 144.446565 55.8758733333 1.27122 143.769269 56.034176 36.4354 40.5459 30.6655 30.0318
8193 57333 28 1.70751 1.85667 1.97609 17 151.686644571 56.9327144286 1.22093 130.895186 58.994454 39.5135 37.1918 30.1023 24.5137
8194 57401 16 1.72403 1.835 1.96473 11 150.5676915 56.4055837838 1.19169 147.563816 58.9481 29.2085 32.9102 23.3716 22.327
8195 57391 16 1.45752 1.54155 1.61217 11 152.986381 59.0670555 1.18494 142.946478 58.081277 32.9574 30.0286 25.9573 19.3443
8196 57346 20 1.47708 1.58556 1.71498 14 153.7519348 61.6830298 1.16183 140.169138 56.330512 50.7955 41.8536 39.2873 28.6735
8197 57064 20 1.54646 1.61574 1.68476 10 148.9728748 54.8128998 1.2656 135.407674 58.915488 47.2989 46.5824 34.6416 36.6233
8198 57374 16 1.56592 1.6565 1.75933 12 148.9122555 55.31274075 1.24234 139.457069 58.704863 41.1957 31.8697 32.7918 22.3765
8199 57428 12 1.15817 1.22137 1.30157 17 191.189226333 63.4077974167 1.11567 207.956634 58.581705 45.7518 40.9238 36.4116 28.3109
8203 57428 16 1.55615 1.65613 1.78362 15 188.436572 66.27493175 1.09156 208.405489 55.934949 41.8111 41.9055 33.919 33.6775
8206 57424 20 1.48238 1.61292 1.72684 15 191.8598918 67.982171 1.07682 206.185443 54.135659 46.6946 42.3627 36.044 30.9692
8207 57431 12 1.13007 1.18593 1.26347 17 171.254466667 69.1821996667 1.07169 200.150826 53.230441 45.2625 42.4794 34.2347 29.0329
8208 57430 20 1.79006 1.91374 2.0604 17 190.590748 69.1883874 1.10755 203.601926 52.392802 35.1234 35.7486 28.9442 27.8786
8209 57427 16 1.54643 1.64043 1.75773 14 182.87548 70.47838275 1.06342 207.110592 51.710756 45.8383 45.0974 35.1661 36.4753
8210 57426 20 1.76232 1.92358 2.11798 13 183.1944316 69.1402638 1.06351 200.291487 50.940365 36.8051 39.6775 29.0587 28.5783
8211 57423 16 1.4877 1.6077 1.72587 13 190.40421025 71.7315235 1.05204 203.766762 50.469079 43.4869 39.5299 36.8112 31.4367
8218 57519 12 1.21763 1.28173 1.3971 14 171.371077667 68.5604253333 1.07621 196.447092 53.849825 42.4632 41.0739 37.1997 32.9732
8219 57429 16 1.45288 1.52955 1.63005 15 195.36278925 68.59971625 1.06805 182.606294 52.961769 44.8347 40.2756 34.3513 30.9702
8220 57432 28 1.79367 1.97644 2.17197 17 189.222216857 68.7793415714 1.06648 186.128683 52.887573 32.8519 31.1421 28.3752 25.4153
8222 57431 16 1.48857 1.58408 1.66788 11 154.2995205 67.5458995 1.09414 193.654279 51.998704 43.7765 42.4709 33.687 32.1386
8223 57429 16 1.688 1.80937 2.00035 11 203.923457 68.590943 1.06483 197.146004 51.498191 32.3828 38.1016 25.4297 28.4609
8224 57378 32 2.15377 2.29984 2.48572 13 156.627166375 68.9084663381 1.09852 177.333863 51.099215 34.3021 33.3177 27.5005 27.0876
8225 57375 20 1.56258 1.66192 1.75488 10 155.2648154 69.1602036 1.0694 180.812931 51.041122 42.4142 41.0141 32.2017 28.7329
8226 57423 12 1.45553 1.54907 1.63067 12 190.131439 71.6986676667 1.05158 184.474887 50.645248 35.683 32.2669 28.5385 24.4079
8227 57427 12 1.21763 1.31927 1.40153 13 182.596054333 72.0612976667 1.05062 187.899369 50.633324 45.2012 39.5797 39.3149 30.5446
8228 57423 28 1.8141 1.97606 2.12214 11 193.379150571 68.0481831429 1.06828 179.228172 53.313448 47.9771 45.5508 38.496 36.072
8229 57430 20 1.78782 1.90594 2.05706 11 186.9639036 66.8743208 1.08349 180.803969 55.408902 40.985 43.4876 34.2083 34.2918
8230 57430 20 1.9121 2.02624 2.1797 12 161.0750272 65.1591804 1.1183 176.368686 55.391754 43.0512 36.4222 36.8468 27.7069
8234 57450 20 1.7349 1.82914 1.92092 12 184.3922682 64.7840736 1.10219 178.382575 57.176128 42.4502 41.0105 36.3029 34.4183
8276 57067 28 1.90346 2.01321 2.15631 10 121.250931143 52.7739874286 1.30325 117.20404 44.002012 42.1955 46.0492 35.5087 34.785
8277 57073 32 1.66424 1.76454 1.8934 10 121.219982625 53.254965875 1.27296 120.300373 44.000825 41.6188 38.9521 30.9386 31.4845
8278 56990 28 1.53456 1.63646 1.77607 15 121.634 45.5099 1.48917 123.402783 43.999796 42.4897 38.3959 32.7604 28.8996
8279 57063 24 1.77035 1.86318 1.97962 10 121.189391167 50.2931372816 1.36704 126.500488 44.003067 37.8509 46.0712 29.7503 32.9952
8280 57061 36 1.58272 1.72212 1.90887 14 121.214947065 50.8250474896 1.3072 129.595899 44.000896 44.1942 49.1771 33.2744 37.3337
8281 57042 16 1.45823 1.62378 1.82283 14 121.414 53.9627 1.29643 132.69538 44.001203 33.6465 40.1242 26.4376 30.0976
8282 57041 20 1.4583 1.56238 1.67568 14 121.406 47.726 1.4536 135.796577 44.002101 45.3428 47.5774 33.2373 34.3816
8283 57064 24 1.53373 1.62042 1.7664 16 121.399788333 50.8470303333 1.28587 138.900386 44.002936 47.911 46.0559 35.1387 32.4282
8284 57419 28 1.96044 2.08729 2.22944 11 121.308781571 48.4033385714 1.34949 141.997808 44.002049 36.6834 46.5678 29.5527 34.1881
8285 57048 16 1.5856 1.66927 1.77863 13 121.183 51.0962 1.33947 145.09938 44.000734 29.3861 31.3682 22.1513 25.2236
8286 57062 20 1.56176 1.70868 1.90864 12 121.2689606 50.758822 1.37921 148.202046 44.002992 37.6201 38.5179 26.862 27.3144
8287 57401 28 1.82803 1.99723 2.16793 17 121.158244286 50.0249092857 1.36013 151.301015 44.001439 33.8431 44.4302 23.8831 33.8932
8288 57419 28 2.19617 2.34851 2.46264 16 121.153129143 52.8767392857 1.25112 154.397495 44.001288 35.4588 32.3741 27.4983 24.4349
8290 57364 36 1.86857 1.99383 2.14669 12 117.365860778 51.527826 1.38181 115.799551 41.581865 37.8464 36.5473 29.6078 26.702
8291 57391 28 1.77697 1.88044 1.99306 12 117.293229714 53.9410528571 1.31481 118.90106 41.582035 49.2346 45.2816 41.1327 39.581
8292 57373 28 1.70473 1.83813 2.00263 17 117.270071143 52.4080917143 1.25051 121.998515 41.581182 35.9928 39.6793 24.0927 29.2872
8293 57361 20 1.57412 1.66142 1.76142 12 117.2816242 51.9156656 1.19577 125.101803 41.580941 37.7879 38.0759 32.6921 28.4619
8294 57365 20 1.50184 1.60688 1.72004 17 117.6054974 48.1222338 1.3631 128.196442 41.58318 32.8625 43.7719 22.1234 31.2389
8295 57401 32 1.9964 2.1528 2.35374 12 117.41297575 50.169725125 1.36518 131.30109 41.581154 39.185 45.9622 31.0794 36.9873
8296 57375 20 1.85818 1.99814 2.18548 16 117.3112964 51.6077562 1.3547 134.401865 41.579977 35.2466 36.4341 27.0794 27.1073
8297 57416 24 1.71243 1.81775 1.93737 12 117.383766667 51.0490178333 1.35789 137.501213 41.581635 46.5989 44.8878 33.7292 30.7933
8298 57390 16 1.4655 1.5717 1.70347 13 117.65308275 48.05702625 1.41032 140.600866 41.5822 35.9775 38.1782 28.3658 29.8853
8299 57346 20 1.51662 1.62338 1.73914 13 117.2576068 52.6660368 1.16068 143.702344 41.581663 38.0191 42.7224 27.0942 28.9467
8300 57391 16 1.39283 1.56107 1.6903 15 117.39852125 50.06974275 1.36389 146.8019 41.581463 34.4551 41.2092 26.5567 29.4119
8301 57390 12 1.302 1.3886 1.51 17 117.094100333 54.0868916667 1.25707 149.899215 41.582335 31.1745 34.8291 23.5393 26.1331
8302 57389 24 1.40213 1.54328 1.70982 17 117.187127667 52.4049928333 1.30316 152.996933 41.58229 51.6656 49.7978 38.8033 41.8372
8306 57419 48 2.17147 2.30266 2.44277 15 124.600779667 49.47637575 1.37094 115.298241 46.002088 49.4028 46.5346 39.6969 37.5851
8308 57417 24 1.80315 1.90033 2.02238 10 132.193979167 54.2539775 1.21506 118.000014 50.300725 42.7517 37.6091 29.1159 27.1202
8358 57451 20 1.40946 1.47388 1.53804 16 150.817846 75.9403338 1.04388 160.596014 44.000046 45.6918 36.6452 38.2674 29.0716
8359 57449 20 1.67872 1.79674 1.93864 13 156.0165682 77.075539 1.03349 163.698422 44.000393 46.7741 40.9455 40.5988 34.1706
8360 57452 16 1.38957 1.43273 1.485 16 137.2440565 72.98078775 1.0594 166.797101 44.000712 46.5331 42.5697 39.0396 34.4949
8365 57450 16 1.7787 1.86507 2.11055 10 186.1158575 80.5217105 1.01248 162.297857 41.579561 41.6234 38.2623 35.3497 34.5191
8366 57432 32 2.08059 2.27758 2.4588 10 158.80738175 77.796275125 1.04805 165.396333 41.580649 38.2182 37.7617 35.3714 32.7276
8367 57429 12 1.38363 1.44037 1.49707 12 142.504743667 78.172634 1.02522 168.499138 41.580046 42.941 43.2048 36.3104 34.8855
8368 57431 20 1.6586 1.7573 1.87696 12 133.600579 75.1212164 1.05532 171.598592 41.580244 48.5934 47.2222 42.5289 38.4367
8369 57451 12 1.28777 1.349 1.42697 17 178.115081 80.1817946667 1.015 174.699896 41.579618 32.0858 34.0192 28.0944 27.0517
8370 57520 16 1.36168 1.42995 1.51272 12 183.9958055 78.29667375 1.02017 176.096635 43.996667 40.3277 44.1362 34.3534 37.1621
8375 57520 20 1.44808 1.5426 1.6815 16 201.3557704 76.967349 1.01957 191.597274 43.996486 54.5795 48.9221 45.7051 43.8167
8380 57520 12 1.35193 1.4189 1.50433 17 212.770918333 75.942469 1.02693 207.099434 43.997443 33.7175 36.7803 28.898 29.6096
8381 57512 20 1.85092 1.928 2.03408 10 149.8618634 78.4697822 1.03189 177.796103 41.579887 41.4128 43.6302 34.3902 35.0742
8382 57513 16 1.79025 1.87413 1.9967 10 208.3309545 79.135723 1.01298 180.898294 41.577414 39.5097 39.7709 33.4898 33.7828
8383 57518 20 1.64636 1.79392 1.9529 12 153.193235 78.8632112 1.02907 183.995872 41.579526 50.3618 47.5193 44.058 39.2662
8384 57513 16 1.6839 1.77985 1.93375 12 234.40943325 71.87897225 1.03757 187.101401 41.579423 38.4246 35.4094 34.3886 29.0091
8385 57511 12 1.49303 1.56307 1.6427 10 190.133837 80.741329 1.01193 190.19821 41.580005 40.8307 40.347 34.5485 30.5097
8386 57518 12 1.43357 1.50717 1.58467 14 192.946138333 80.6344426667 1.01202 193.298115 41.578154 37.1207 34.6357 31.9493 28.0429
8387 57483 16 1.4498 1.5145 1.58722 10 195.0860015 80.202008 1.01191 196.398578 41.578024 37.4704 32.7127 30.8543 27.3959
8388 57488 12 1.3799 1.4208 1.47547 10 176.151404 80.880538 1.01263 198.876769 41.578218 49.1871 42.6023 40.0387 31.9454
8389 57488 12 1.26263 1.33393 1.4203 12 222.84997 76.9873103333 1.02199 201.361487 41.579488 47.0663 43.5105 38.2055 34.6348
8390 57485 28 1.77999 1.89043 2.00813 12 228.472806286 74.0679442857 1.01938 203.840588 41.579507 33.4049 28.0537 31.3816 23.2218
8391 57511 12 1.3884 1.42587 1.5045 12 184.391555333 80.865658 1.01199 206.319037 41.579677 41.6051 41.9382 34.8109 32.9247
8392 57483 12 1.38597 1.4438 1.5597 12 226.276079667 75.991506 1.02564 208.802388 41.579056 36.5592 35.0856 28.1984 25.89
8397 57482 12 1.11053 1.1747 1.22827 13 201.085331 70.084232 1.05963 227.038512 50.830126 45.5711 43.5127 36.5616 33.0385
8401 57482 12 1.38823 1.46533 1.5456 12 180.819188667 72.00589 1.0511 223.285955 50.686274 40.9445 38.248 36.0981 30.364
8404 57481 12 1.23063 1.28313 1.35447 17 199.700723333 70.740117 1.05575 219.655849 50.466993 41.623 38.0812 35.1366 28.9175
8406 57513 20 1.6015 1.71826 1.83996 17 188.8615892 72.1490382 1.04868 216.255401 50.28156 49.9745 46.8736 42.3359 37.2398
8410 57481 16 1.19447 1.25735 1.33723 13 196.2451655 70.78338375 1.05303 238.073281 50.731205 52.08 44.5396 42.6149 32.8869
8430 57488 12 1.36673 1.48253 1.61933 16 222.853421 64.6498916667 1.09691 232.272836 48.799353 31.0577 30.4661 25.8385 22.5578
8431 57482 12 1.42863 1.49657 1.6141 16 221.930840333 65.2280656667 1.14614 228.691778 48.775534 37.8558 31.2759 29.7453 22.9446
8433 57488 12 1.26407 1.3269 1.39503 17 219.483499 67.2668403333 1.07648 221.585122 48.526452 39.8906 39.3688 32.2778 29.5446
8434 57484 12 1.31193 1.38103 1.4821 17 229.154608667 59.2069296667 1.15021 218.03195 48.275603 31.2598 31.3631 23.8839 22.8401
8435 57487 16 1.61132 1.70882 1.80648 16 222.447095 62.8612185 1.1176 212.498657 49.79288 39.1111 32.7291 32.2941 25.1632
8489 57483 12 1.3799 1.42523 1.5086 16 215.950414 71.9238543333 1.04638 223.333842 46.416669 42.2624 38.3874 32.7401 29.1225
8490 57104 16 1.38805 1.47487 1.59935 15 221.209364 71.5191185 1.0594 224.913948 44.498487 42.0638 46.0621 33.2359 36.497
8491 57488 12 1.14943 1.25657 1.42647 13 202.619553 74.777212 1.03314 219.958229 46.415701 48.0828 45.2757 41.3497 35.1526
8494 57104 16 1.1722 1.25515 1.39285 11 237.8963485 73.209822 1.03047 224.95542 40.072483 50.1236 58.255 40.891 46.6303
8495 57481 12 1.33763 1.40103 1.44697 12 173.474825667 76.532712 1.02874 216.739113 45.981423 44.4315 37.6247 33.7131 28.3754
8498 57105 12 1.21847 1.28807 1.36203 15 243.218200667 67.6192656667 1.07087 222.182096 40.115568 37.4044 41.123 28.9331 34.2177
8499 57431 16 1.4358 1.52603 1.6421 13 187.238136 74.34744925 1.04293 211.575312 47.416721 41.8435 36.999 34.2287 27.4718
8500 57432 32 1.35175 1.42594 1.5152 15 197.5178175 75.920244625 1.02812 213.529783 45.584701 33.7541 30.4625 25.5963 23.4301
8501 57519 12 1.2715 1.34997 1.46983 17 201.965279 77.8396926667 1.02034 215.460146 43.684608 40.8105 45.0775 34.8852 34.7248
8502 57512 16 1.3972 1.4663 1.55945 13 165.52789625 78.976453 1.01339 217.556818 41.825036 50.4882 40.538 42.3422 36.6763
8503 57519 12 1.1898 1.25867 1.34503 15 159.808495 78.376247 1.0227 212.347513 43.344696 45.7869 42.7793 38.9072 35.2884
8504 57518 12 1.40503 1.4882 1.60603 13 167.5995 80.8031176667 1.01358 214.303849 41.419624 37.2127 35.0759 31.3479 28.1769
8729 57399 28 1.58997 1.71107 1.82094 13 -29.3456737143 57.6156077406 1.18544 42.343624 4.070319 39.7469 49.47 28.4575 43.917
8731 57416 24 1.50323 1.6291 1.75937 11 -24.8298616667 58.683326 1.14909 37.880941 4.109586 40.7278 55.7204 28.1365 42.3619
8732 57418 32 1.51544 1.60166 1.71691 13 -37.00197975 55.762086 1.22057 35.654263 4.226054 41.8534 42.3611 27.43 31.986
8736 57400 28 1.89514 1.9818 2.10477 10 -30.4878927143 57.1739444286 1.15352 31.14385 4.072808 42.9512 46.0495 31.161 37.4978
8738 57402 44 1.90795 1.99791 2.12372 10 -29.857794 56.8821481818 1.19551 28.676886 4.057916 37.3459 51.2973 28.9524 43.6969
8740 57367 40 1.49679 1.58773 1.69123 15 -28.1872015 58.9506474 1.13385 0.370964 5.802403 59.4388 60.1807 43.7051 47.6438
8741 57390 40 1.57363 1.67485 1.7885 11 -25.1613387 57.6700696 1.14093 358.990266 4.001673 40.1791 57.9728 27.3755 48.6925
8742 57364 24 1.38212 1.46137 1.61397 13 -23.7704961667 60.2544743333 1.12557 357.989594 5.687203 40.0802 42.3971 30.216 36.3926
8745 57391 20 1.59564 1.64958 1.71446 16 -37.7519818 55.0980932 1.17862 4.255916 3.962922 42.162 48.6238 30.2273 37.1308
8747 57401 32 1.74948 1.81907 1.91612 16 -44.013078 53.025112375 1.22914 6.774734 3.966473 41.6963 51.007 28.1117 40.6053
8753 57373 32 1.401 1.49537 1.61356 13 -29.927524375 56.6743095 1.14347 14.376037 4.056797 46.3159 49.4567 31.4973 41.784
8819 57450 20 1.7738 1.85904 1.94826 16 114.833503 67.7866634 1.12013 168.869614 39.213596 40.016 40.7663 33.8904 33.3817
8820 57449 16 1.47328 1.57143 1.67532 17 116.162048 65.40998275 1.15327 165.047015 39.485644 28.467 32.2804 22.2321 25.1695
8823 57446 20 1.47482 1.621 1.78326 11 113.5511592 64.201357 1.20939 148.442636 38.872586 44.0878 47.9241 33.8099 35.7014
8825 57451 20 1.30146 1.37858 1.4434 13 114.5581822 69.5676612 1.10338 151.692305 38.770118 43.1582 41.6674 35.5295 32.3206
8826 57452 12 1.39133 1.44227 1.5295 14 113.383892 55.9768883333 1.2276 154.032648 39.503147 36.0546 33.9095 28.4669 24.8541
8827 57444 16 1.43987 1.56715 1.68728 17 113.261045 56.792075 1.23926 127.287249 39.391855 35.8669 35.2833 28.7335 26.2595
8828 57445 20 1.72696 1.83246 1.96164 10 113.539095 55.950586 1.27985 130.272023 39.47967 38.6838 37.4422 30.3622 26.7292
8829 57446 16 1.49953 1.5612 1.6315 10 113.5069465 54.46237675 1.27833 133.153498 39.454836 39.4449 38.377 29.0298 23.7404
8830 57447 20 1.89444 2.02868 2.30672 10 113.9490026 63.3639762 1.1691 136.121951 39.438352 40.8622 38.9257 32.7677 29.137
8831 57448 20 1.8086 1.89116 1.97156 10 113.473231 59.8104138 1.21737 139.262015 39.443048 46.5187 37.7291 35.7205 28.4444
8832 57445 16 1.62178 1.72057 1.8485 16 113.45255675 61.117578 1.17876 142.430886 39.445431 38.8444 34.7593 28.8702 25.1362
8834 57458 32 2.21829 2.32261 2.43961 12 117.085411625 69.036128625 1.15718 185.753335 39.113684 39.3112 38.0111 31.3372 33.3933
8835 57427 12 1.4826 1.57533 1.68873 12 124.097038667 76.669631 1.03356 188.268489 39.312933 36.4257 36.1676 30.096 29.6873
8836 57424 24 1.88988 2.04188 2.22107 12 188.833072667 81.4619523333 1.01016 190.893863 39.326621 36.3033 34.1289 31.2626 26.1431
8840 57425 24 1.8455 2.01985 2.19507 12 219.626175333 79.3633318333 1.00615 182.593967 38.99134 34.0119 36.6931 27.9287 28.0143
8841 57425 20 1.77746 1.893 2.02048 11 129.1052006 77.4626536 1.04335 180.103922 39.259421 34.229 35.1602 27.1847 27.7873
8842 57424 24 2.0048 2.17795 2.38445 11 133.753058667 77.8918801667 1.04772 176.860043 39.256744 31.1392 36.3895 24.7008 28.1633
8843 57423 16 1.79895 1.9104 2.06242 10 132.34410225 78.9869715 1.02838 174.502618 39.199998 35.6527 33.3831 30.3575 26.7965
8844 57424 20 1.78262 1.87724 1.98002 10 113.10142 62.159478 1.18517 171.603371 39.17794 40.0563 39.3225 31.9416 28.9486
8846 57428 20 1.86506 2.0053 2.12536 12 113.8675078 63.4823744 1.16856 204.647632 39.409429 39.9875 35.2001 33.78 29.4518
8847 57429 12 1.34327 1.43567 1.53637 13 113.763204 62.6628980085 1.14127 206.990523 39.562883 34.5999 34.3292 26.9205 26.5439
8849 57457 28 1.8786 2.02519 2.21099 13 107.863547571 60.6147814286 1.25945 169.68402 36.625531 47.1949 38.1323 39.4976 31.1942
8851 57460 36 1.86572 1.97989 2.1197 13 108.439252 69.4896896667 1.13196 161.586801 36.673662 37.2272 37.8739 31.254 29.8826
8852 57449 16 1.64172 1.74728 1.83475 10 107.64924425 61.50700975 1.17421 147.590473 36.702552 46.2076 39.9161 36.2684 30.7848
8853 57459 32 2.06943 2.20266 2.33802 15 108.96572825 63.209846375 1.20377 158.28333 37.102759 38.4198 40.3475 30.3881 30.6996
8854 57450 16 1.54425 1.64675 1.74995 13 107.38263175 65.24963625 1.13122 150.574662 36.641939 38.805 35.7256 32.5694 28.1854
8856 57453 16 1.35633 1.4335 1.50995 14 106.492421 68.87773575 1.1119 153.208929 36.097993 33.012 36.1024 28.5339 29.9421
8857 57449 20 1.47672 1.55206 1.6777 11 108.7935884 61.5702246 1.18896 125.901697 37.184312 45.8404 53.3884 38.1004 43.6356
8858 57450 24 1.7054 1.77297 1.84703 11 109.069775667 62.7997781667 1.1998 128.868228 37.238873 43.6101 42.926 35.2875 34.3443
8859 57452 16 1.35763 1.4491 1.53953 12 109.019301 59.36809875 1.20216 131.853932 37.263824 53.2877 52.3306 41.8977 36.6401
8860 57458 32 1.94243 2.06735 2.20671 14 109.11122475 64.7522143564 1.10584 134.705045 37.275933 47.1268 53.5656 41.4453 45.5014
8861 57459 16 1.37757 1.46235 1.5504 14 109.14874725 61.912302 1.16874 137.809871 37.400413 38.5294 40.7075 26.9153 29.1943
8862 57461 28 1.56967 1.65419 1.74421 14 109.668543 65.6909057143 1.1827 141.105418 37.285342 57.6208 51.8678 50.8009 45.5995
8864 57428 16 1.56353 1.68052 1.79797 11 107.8195405 65.578961 1.12808 180.533041 36.827281 37.3184 36.1906 29.4837 28.8973
8865 57426 16 1.50803 1.58873 1.7015 12 246.9088605 76.2402955 1.01786 183.750648 36.946769 45.5374 43.8935 34.4712 34.8779
8866 57457 36 1.87996 2.00084 2.13413 10 107.512835444 67.2410663333 1.14462 185.960666 36.53722 45.233 41.5637 38.3202 33.4678
8867 57460 32 1.84951 1.95275 2.12256 16 109.684613875 66.795059125 1.16173 188.683393 37.025776 40.4193 38.5175 32.4839 31.2136
8869 57481 16 1.71277 1.7839 1.85703 10 128.885934 80.84496975 1.02917 193.641564 36.330884 44.8639 36.8397 37.5862 28.8816
8871 57519 12 1.38257 1.41953 1.47517 12 106.024039667 69.624773 1.07778 198.398595 36.07076 40.2328 38.1783 33.0068 30.3274
8872 57422 20 1.87426 1.99856 2.16878 10 116.4459916 77.1757554 1.04793 177.90333 37.082193 37.649 37.7462 32.4814 31.1143
8873 57427 12 1.44247 1.54123 1.63373 11 109.815617 75.761058 1.03884 175.272279 36.465729 33.8866 40.2469 28.3212 32.1328
8874 57426 24 2.02472 2.17258 2.32213 11 144.377162333 80.4440746667 1.06107 172.492262 37.298615 34.0478 32.1509 27.2639 24.8749
