# plate  med_ra  med_dec  coeffs_x  coeffs_y
7275  137.683246  54.906526  -0.033678  -0.085404  -3.111796  125.239102  0.130421  -4.584585  0.914296  0.103627  -0.019233  -0.069185  217.882470  1.795650
7276  132.177667  54.410937  0.001379  -0.025926  -3.090622  126.776120  0.492289  -19.927507  0.900367  -0.082270  0.003889  -0.298217  217.890462  8.619862
7277  128.037574  54.097314  0.005077  -0.020257  -3.076451  127.758578  0.262316  -10.775100  0.893604  -0.042673  -0.006717  -0.154284  217.874443  2.993588
7278  136.907129  57.068185  -0.008336  0.003307  -3.207387  118.440065  0.308163  -11.593854  0.870612  0.006443  -0.000341  -0.177978  217.882946  21.521919
7279  134.870505  56.050451  -0.028509  -0.114735  -3.147678  121.662348  0.074046  -3.210985  0.884013  -0.093322  -0.002690  -0.053931  217.885732  16.527187
7280  123.152492  56.679966  0.025725  0.036472  -3.176113  119.652181  0.009897  -0.221300  0.852399  -0.017340  -0.001798  0.028889  217.896175  9.977181
7281  121.654709  55.021402  0.035716  0.014052  -3.142881  124.854874  0.524071  -21.030048  0.881625  0.000887  0.022990  -0.280520  217.866755  -7.293492
7282  150.377583  49.496952  -0.011393  -0.030454  -2.944467  141.494453  0.218599  -10.449707  0.934349  -0.008279  0.001366  -0.119202  217.904198  -27.512301
7283  145.630298  54.746074  -0.035934  -0.168893  -3.097274  125.734579  -0.057039  2.623477  0.906969  0.121592  -0.006708  0.031783  217.840747  12.406293
7284  149.835629  45.980812  -0.016932  0.103204  -2.707641  151.370624  -0.079667  3.931521  0.935787  0.093486  0.005242  0.068976  217.935960  -20.443339
7285  140.321761  54.494254  0.031898  0.229042  -3.100013  126.529271  -0.022876  2.184501  0.884419  -0.011249  0.032338  0.035219  217.850361  7.069982
7286  143.043369  53.726716  -0.015079  0.025216  -3.045792  128.889534  0.513822  -21.841636  0.891200  -0.041784  0.001350  -0.299074  217.811213  17.395529
7287  146.308341  52.471805  -0.012833  -0.002208  -3.009140  132.707246  0.380111  -16.688655  0.853444  -0.179374  -0.011304  -0.223733  217.865651  17.741260
7288  135.625801  53.905671  -0.000788  -0.012209  -3.072621  128.338116  -0.009617  0.515524  0.920130  0.178180  0.022658  0.002168  217.887700  -6.096599
7289  138.338209  52.780359  0.020804  -0.040727  -3.033017  131.773402  0.454508  -20.383394  0.911393  0.009149  -0.004491  -0.291222  217.880632  -17.767687
7290  140.897145  52.319223  -0.038063  -0.217804  -3.008497  133.178932  -0.007354  -0.680057  0.930527  -0.065208  -0.003645  -0.011592  217.923322  7.993771
7291  143.909933  51.477819  -0.055113  -0.263474  -2.959573  135.694875  0.134318  -6.908190  0.878936  -0.153959  0.004828  -0.119599  217.858343  8.251419
7292  146.970102  50.119404  -0.049315  -0.176040  -2.956137  139.665254  -0.192374  8.208504  0.934943  0.016681  -0.005275  0.086758  217.902895  -5.167899
7293  131.140810  52.388927  -0.015596  -0.122974  -3.018100  132.969615  0.369281  -15.522967  0.923958  0.092498  0.006637  -0.235057  217.838179  -15.653506
7294  133.765061  52.458085  0.002822  0.059907  -3.017806  132.749951  -0.026044  0.962271  0.944082  0.130003  -0.000061  -0.015565  217.843078  -4.091612
7295  136.480523  52.124613  -0.022501  0.081897  -2.991340  133.753112  0.167863  -8.328822  0.919878  0.015425  -0.000908  -0.129457  217.889753  21.864117
7296  139.165334  50.901549  -0.006150  -0.029905  -2.955300  137.403863  -0.090974  4.282579  0.929725  0.014944  -0.004775  0.060071  217.900758  13.439507
7297  142.219824  50.433019  0.027562  0.107679  -2.933742  138.772237  -0.072680  4.488376  0.924033  -0.032282  -0.007129  0.025614  217.870726  11.101618
7298  144.991252  48.999351  0.036706  0.161180  -2.845337  142.951962  -0.340267  20.085513  0.944628  0.005367  -0.010395  0.266815  217.905435  9.984147
7299  147.900508  48.045368  0.006465  0.058508  -2.915905  145.646061  -0.424577  19.773850  0.947763  -0.037141  0.011880  0.244120  217.887948  -30.543032
7300  121.821103  53.142584  0.022730  -0.029278  -3.042142  130.656236  0.437724  -18.751204  0.941709  0.084384  0.003972  -0.261696  217.847196  -7.789663
7301  125.230369  52.572800  0.011754  0.064337  -3.080035  132.391329  -0.339252  12.556781  0.901300  0.027010  0.027723  0.185785  217.876706  -13.701076
7302  128.776193  52.340497  0.005600  -0.009387  -3.021232  133.094893  0.220943  -9.512130  0.898026  0.043726  -0.000414  -0.122381  217.880916  -17.746455
7303  132.470160  50.372556  -0.023069  -0.106647  -2.944709  138.945207  0.179264  -7.823596  0.943053  0.112337  0.015761  -0.120523  217.861315  -23.052431
7304  135.675984  50.668304  -0.023787  -0.091850  -2.959179  138.083354  0.057957  -2.825890  0.928757  -0.003118  -0.005430  -0.047557  217.880402  5.880342
7305  138.191426  49.493004  -0.035500  -0.162377  -2.869265  141.514303  0.062282  -3.779777  0.940223  -0.031427  0.005407  -0.048659  217.838452  15.315935
7306  140.980122  48.972945  -0.030343  -0.220580  -2.832326  143.007964  0.201503  -11.579292  0.951648  -0.020331  -0.008226  -0.154203  217.914720  28.788520
7307  143.557556  47.686084  0.005706  0.007331  -2.812531  146.673931  -0.244433  12.777039  0.989099  0.168285  -0.008474  0.206353  217.892494  -3.855723
7308  147.037341  46.531658  0.087439  0.244372  -2.862919  149.868280  -0.062259  -1.818915  0.930402  -0.020708  -0.058082  -0.021146  217.904516  -48.710735
7309  124.630960  50.602978  -0.068276  -0.268353  -2.961136  138.275752  0.163891  -6.846957  0.949676  0.022959  0.003268  -0.107782  217.869700  2.511054
7310  127.277715  50.636889  0.009399  -0.062448  -2.947736  138.169328  0.478479  -22.152214  0.966461  0.125568  -0.004097  -0.335329  217.835955  -10.037136
7311  129.633876  50.057781  -0.035547  0.000502  -2.958056  139.889424  0.819305  -37.952027  0.928065  -0.023953  -0.014852  -0.513835  217.900984  -28.422815
7314  137.874270  47.908730  -0.001877  -0.031200  -2.805828  146.027974  0.531745  -28.068863  0.988466  0.114013  -0.003325  -0.374983  217.892534  -3.830431
7315  141.096885  46.340355  -0.052120  0.010537  -2.851214  150.402878  -0.086927  4.048101  0.940010  -0.017273  0.001779  0.059279  217.850441  -0.347894
7316  144.725829  45.929059  -0.022870  0.062347  -2.691189  151.533232  -0.256995  11.681099  0.965221  0.061651  -0.054826  0.177863  217.851750  -11.886399
7317  121.511359  49.782813  0.100055  0.212481  -2.915794  140.596280  0.409344  -19.256545  0.910748  -0.048059  -0.004507  -0.269266  217.877904  8.236239
7318  125.727570  48.621541  -0.031494  -0.017123  -2.952842  144.030235  0.706666  -34.504694  0.944927  -0.022313  -0.014552  -0.459109  217.884563  -15.642547
7319  128.324441  48.201579  -0.015372  -0.018739  -2.892277  145.253159  0.426887  -21.545451  0.957327  -0.094327  -0.019044  -0.280224  217.939074  -17.221225
7320  130.984780  47.645790  -0.027690  -0.045082  -2.836229  146.743857  0.131754  -6.600732  0.938028  0.000317  -0.001545  -0.079884  217.885249  -13.147362
7324  121.370655  47.776740  0.037107  -0.009506  -2.823916  146.358234  0.201413  -10.245779  0.946109  -0.005272  0.080999  -0.130740  217.874304  -4.226335
7325  126.809345  46.172446  0.010788  0.017811  -2.832131  150.862921  -0.266829  13.728657  0.970417  0.089803  0.028754  0.148106  217.830850  -28.323087
7326  129.698290  45.863194  0.039341  0.192761  -2.691680  151.703623  -0.217771  6.017182  0.947279  0.062394  0.039923  0.075586  217.823054  -30.183119
7327  132.588889  45.961543  0.032904  0.120369  -2.767849  151.449245  0.048266  -2.520497  0.941363  0.030233  -0.004394  -0.046473  217.857383  -19.661500
7328  123.856242  46.024826  0.021002  0.087041  -2.678332  151.273580  -0.088031  4.505942  0.959770  0.087073  0.042270  0.061071  217.852847  -3.601833
7329  151.326232  47.597811  0.016178  0.013365  -2.856993  146.930394  -0.520617  27.117528  0.946887  -0.029726  0.022095  0.350637  217.894942  -12.620144
7373  131.423027  56.719347  -0.005754  -0.001342  -3.177793  119.556324  0.730049  -27.639424  0.876634  0.022387  -0.003268  -0.403298  217.863340  22.080244
7374  129.226382  55.725818  -0.025242  0.018710  -3.105211  122.707333  0.564694  -22.496986  0.893828  -0.027266  0.028973  -0.344700  217.825947  18.327155
7375  125.942015  56.252785  0.010391  -0.041369  -3.160441  121.027370  0.399080  -14.889133  0.887132  0.006105  -0.018225  -0.219074  217.873372  14.964267
7376  124.774517  54.572031  -0.013803  -0.008660  -3.103010  126.290750  0.304202  -12.429877  0.887523  -0.008343  0.010842  -0.184609  217.871171  5.184272
7377  121.900879  51.536202  0.022135  0.001645  -2.972873  135.498984  -0.339370  15.422666  0.916330  0.056254  0.007118  0.214511  217.869181  16.433153
7378  123.780104  48.233570  0.000726  -0.014217  -2.854625  145.129525  0.288276  -14.749823  0.933884  0.016893  -0.010903  -0.192348  217.877531  -8.364708
7379  121.345180  46.014105  -0.044965  -0.082217  -2.699209  151.328328  0.612205  -35.298027  0.950204  0.007944  -0.055252  -0.447516  217.848475  -22.251816
7380  164.975066  48.356590  -0.046809  -0.075918  -2.915994  144.768750  0.261216  -11.323518  0.913495  0.025884  -0.003640  -0.180874  217.882986  -22.014743
7381  154.079673  48.568741  0.044713  0.108437  -2.853064  144.145522  -0.028450  1.897053  0.931670  -0.034202  -0.003015  0.031201  217.868263  -12.643099
7382  156.878820  49.244475  -0.016814  -0.025200  -2.963258  142.235487  0.660416  -30.612832  0.970440  0.127251  -0.025947  -0.418979  217.892812  -11.713911
7383  168.306635  45.798186  -0.035413  -0.412285  -2.852775  151.899813  0.376359  -10.119973  0.942863  0.032430  -0.002827  -0.105670  217.824011  -14.801846
7384  152.926632  45.908280  -0.001479  -0.004939  -2.720333  151.599695  -0.388023  19.860818  0.942342  0.043091  -0.018086  0.246393  217.825098  -9.952738
7385  154.963314  46.180050  0.026041  0.096546  -2.878784  150.888156  -0.700825  35.650701  0.922932  0.007938  0.026468  0.427973  217.901458  -51.891672
7386  156.706108  47.479450  -0.073671  -0.106213  -2.797354  147.252554  0.259495  -13.802742  0.913393  -0.035174  -0.001216  -0.184847  217.880503  -3.672836
7387  159.709675  49.067958  -0.024884  0.060557  -2.919449  142.733124  0.590770  -29.206102  0.965550  -0.143898  0.019113  -0.408517  217.890024  -16.667215
7388  157.805540  45.863546  -0.023225  0.017487  -2.715656  151.721183  0.503917  -29.818661  0.973980  0.051495  -0.157269  -0.381225  217.844316  -16.097115
7389  159.697184  47.523695  -0.052204  -0.108069  -2.794366  147.132062  0.226500  -11.733399  0.892820  -0.119782  0.005693  -0.144573  217.895281  -2.031678
7390  162.510719  48.112583  -0.026148  -0.069482  -2.899033  145.485994  0.619840  -30.316278  0.939824  -0.001625  -0.014472  -0.373494  217.879586  -19.634983
7391  160.899662  45.894166  -0.001772  -0.110543  -2.857126  151.653071  0.637490  -30.034126  0.947976  0.038485  -0.074617  -0.381691  217.838891  -15.065975
7392  163.379179  46.135582  -0.033090  0.015527  -2.628794  150.939426  -0.046958  2.384241  0.937339  -0.006631  -0.001251  0.013782  217.863491  -37.616360
7393  165.864137  45.953051  -0.037025  -0.179169  -2.789370  151.466882  0.426295  -17.941434  0.938935  0.049951  -0.040038  -0.229485  217.830927  -18.198276
7394  167.995700  47.520429  0.000283  0.023028  -2.799146  147.130901  0.189647  -10.519064  0.933119  0.040045  -0.011820  -0.141624  217.920581  -32.181759
7395  167.978578  49.709388  -0.051746  -0.087207  -2.911597  140.888601  0.173637  -7.414808  1.022544  0.282870  0.004752  -0.100388  217.872533  -14.242452
7396  171.143502  46.216262  0.053763  0.137834  -2.706771  150.724002  0.124304  -8.020846  0.997437  0.150036  0.041848  -0.109755  217.837162  -27.385960
7397  170.559750  48.876896  -0.008150  -0.186405  -2.877849  143.260106  0.083019  -4.295573  0.945800  -0.014957  -0.010086  -0.067981  217.876680  1.123351
7398  173.823890  45.951167  -0.029585  -0.183912  -2.793099  151.484895  0.343332  -14.264910  0.945063  0.070932  -0.032410  -0.178513  217.835936  -9.212583
7399  173.062043  47.924260  -0.003768  0.008113  -2.839336  145.997354  -0.370222  18.558743  0.905568  -0.217863  -0.025430  0.231197  217.884995  -11.676309
7400  174.232911  49.929271  0.012336  0.010659  -2.880306  140.250121  0.011804  -0.598669  0.938694  0.100652  0.024457  -0.015972  217.840058  -9.790777
7401  176.558960  46.023189  0.063886  0.266068  -2.767155  151.267461  -0.038985  -2.158156  0.963213  0.097744  -0.073544  0.001408  217.815378  -4.464869
7402  175.765730  47.519903  0.025284  0.203773  -2.888289  147.153610  -0.597251  27.103532  0.956555  -0.005662  0.048726  0.306588  217.865192  -31.529064
7403  176.788262  49.444931  -0.042134  -0.134772  -2.893242  141.669662  0.057624  -4.279630  0.947636  -0.010741  0.003338  -0.055834  217.910917  6.395938
7404  178.772591  46.342533  -0.014947  -0.096956  -2.936780  150.394428  -0.662952  38.774465  0.946042  -0.017517  0.081047  0.484547  217.913574  -57.267485
7405  178.654792  48.354971  -0.031000  0.013679  -2.867562  144.739104  -0.098168  4.333062  0.939914  -0.009923  -0.013005  0.052113  217.880246  -29.663635
7406  203.010929  47.507082  -0.047052  -0.198114  -2.819447  147.173194  0.129865  -3.632452  0.960530  -0.038533  -0.000361  -0.034716  217.902388  -34.888029
7407  202.832284  45.920860  -0.002266  0.009669  -2.787915  151.554450  -0.244292  14.093863  0.944174  0.067065  0.030678  0.179288  217.824441  -7.556381
7408  199.862467  45.983706  0.042458  0.265356  -2.581099  151.380404  -0.025930  -6.205641  0.943875  0.064110  -0.006471  -0.078428  217.842600  -1.363711
7409  200.356192  47.858288  -0.006457  -0.032976  -2.827183  146.174502  0.185374  -9.435499  0.921235  -0.027471  -0.019724  -0.117610  217.903029  -8.216239
7410  196.341460  49.196768  -0.001029  -0.004729  -2.899519  142.364107  0.317368  -15.798155  0.945378  0.067868  -0.005953  -0.236871  217.906744  -12.656148
7411  197.829606  47.359024  -0.013978  -0.022843  -2.816140  147.596281  0.405166  -21.196848  0.881952  -0.147253  0.001103  -0.252041  217.894165  -9.646891
7412  193.961726  49.727701  -0.061560  -0.243063  -2.922871  140.852586  0.212963  -9.316340  0.943748  0.058449  0.002693  -0.125826  217.902856  -18.394505
7413  195.165319  47.088951  -0.048832  -0.105915  -2.791025  148.375370  0.321365  -17.965238  0.961259  -0.026018  -0.015111  -0.224067  217.898620  2.600303
7414  196.866626  45.920643  -0.019518  -0.265614  -2.643748  151.555730  0.244022  -8.060967  0.950082  0.094623  -0.006905  -0.100798  217.816539  -4.232469
7415  190.986675  49.342803  -0.059658  -0.235366  -2.892800  141.957929  0.138079  -8.082662  0.936613  -0.018045  0.003424  -0.108168  217.893664  7.876974
7416  192.918795  47.689324  -0.010622  -0.126669  -2.812516  146.638022  0.167142  -8.722155  0.996393  0.125364  0.018650  -0.114085  217.872980  -14.017466
7417  193.276561  45.938935  -0.041610  -0.170540  -2.663816  151.505163  0.164719  -8.032034  0.954338  0.083220  -0.007758  -0.097375  217.837078  0.668546
7418  187.538252  49.622574  -0.008501  -0.010612  -2.933044  141.136473  0.283775  -14.238209  0.935834  -0.027620  -0.015519  -0.193149  217.877800  -22.862088
7419  189.385342  47.760593  -0.002362  0.014081  -2.817191  146.469007  -0.202357  10.702085  0.952615  0.127822  0.006912  0.172674  217.871635  -2.365908
7420  190.789310  46.068692  -0.096306  -0.290430  -2.706622  151.139773  0.102742  3.079287  0.942300  0.031831  -0.001344  0.010411  217.889722  -19.382757
7421  186.243872  47.800506  -0.008121  0.003065  -2.847769  146.338739  0.331483  -17.141413  0.951917  -0.065649  -0.011618  -0.208931  217.931433  -7.135746
7422  188.248101  46.058634  0.005400  -0.003469  -2.727764  151.200960  -0.345283  18.929756  0.950751  0.054967  0.006291  0.243770  217.846004  -0.355742
7423  181.917368  49.645032  -0.005053  -0.019921  -2.892258  141.076027  0.694819  -34.643858  0.953627  -0.053717  -0.022059  -0.471275  217.932282  7.657295
7424  183.976115  48.146427  -0.012824  -0.013373  -2.835288  145.377190  0.638838  -32.710334  0.949837  -0.001834  -0.009961  -0.433971  217.895750  -7.273057
7425  185.360123  45.995427  -0.021465  -0.204361  -2.851577  151.351116  0.453631  -20.681130  0.937969  0.051812  -0.065549  -0.249876  217.835645  -3.723521
7426  181.313403  47.639819  0.034818  0.085735  -2.894601  146.753354  0.268588  -16.265872  0.947907  0.009498  0.006761  -0.190638  217.888053  -16.815781
7427  182.534955  46.128606  -0.011955  -0.033513  -2.854371  151.007548  0.869974  -45.596793  0.945493  0.051693  -0.024578  -0.564304  217.858241  -10.390323
7428  208.460354  46.243580  -0.013426  0.023190  -2.779350  150.659938  -0.546976  29.301061  0.948225  0.067326  0.040338  0.411377  217.884794  -16.916249
7429  205.735040  45.931796  0.004369  0.001138  -2.737879  151.514650  -0.312624  17.199815  0.962673  0.067882  -0.056239  0.253604  217.838202  -18.826972
7430  206.317474  49.541260  -0.007328  -0.026668  -2.931425  141.376991  0.324540  -14.483905  0.938388  0.027036  -0.003684  -0.155686  217.859133  -17.723934
7431  205.927245  47.936074  -0.002997  -0.047924  -2.850486  145.967709  0.419934  -21.278830  0.935085  -0.014916  -0.019055  -0.263119  217.892465  -22.614924
7432  208.775850  48.611677  -0.006073  0.006304  -2.907621  144.011542  -0.275343  13.129680  0.884672  -0.074599  0.052895  0.115610  217.883763  -10.771798
7433  199.253101  49.515405  -0.061827  -0.247494  -2.866402  141.452528  0.267540  -10.853342  0.931508  -0.053077  -0.004585  -0.143239  217.896018  -23.950986
7434  202.713737  49.010722  -0.013324  -0.026098  -2.905757  142.907468  0.540009  -25.417184  0.936970  -0.016236  -0.006140  -0.321245  217.909180  -30.495311
7512  132.483506  49.281781  0.028684  0.161936  -2.903873  142.123782  -0.119625  6.311828  0.889841  -0.178502  0.007877  0.074173  217.853654  13.015530
7513  134.834664  48.708193  -0.076711  -0.170453  -2.849351  143.743445  -0.006813  0.618031  0.926014  -0.174094  -0.006272  0.022863  217.863875  -14.705167
7515  134.572388  46.969158  0.035940  0.183900  -2.776501  148.651844  0.109113  -7.107459  0.957171  -0.000198  -0.006866  -0.057256  217.898785  -19.859918
7516  136.669927  46.084164  -0.034903  -0.011728  -2.811975  151.116759  0.202145  -10.442624  0.949162  0.027444  -0.010387  -0.155786  217.902043  -33.582279
7517  138.905082  46.164699  0.037247  0.272326  -2.749102  150.896363  0.018897  -1.350093  0.946197  0.047484  -0.006137  -0.006733  217.868576  3.827198
7572  -29.540972  18.483135  -0.173702  0.211842  -1.402503  206.632170  -0.120717  -9.954275  0.606169  -0.002112  -0.180770  -0.039541  217.920913  -20.693560
7573  -31.439794  20.218640  0.105098  0.010019  -1.394417  204.369294  0.084772  -14.106763  0.621766  -0.015648  -0.081731  -0.068808  217.890991  -23.354720
7574  -27.295577  18.995262  -0.031095  -0.079719  -1.025516  206.005459  -0.034720  10.353689  0.587217  -0.118654  -0.059734  0.080808  217.932561  -30.145133
7575  -29.237939  20.816917  0.000523  0.113691  -1.498525  203.650574  0.134716  -23.181246  0.689089  0.103954  -0.158243  -0.155131  217.864745  -7.448158
7576  -31.288105  22.608585  -0.052597  -0.040454  -1.485486  201.128536  0.164800  -21.483402  0.683119  -0.030551  -0.071410  -0.130552  217.889410  -12.646111
7577  -23.380890  18.533751  -0.007894  0.113832  -1.278046  206.579503  0.037568  -12.106661  0.538251  0.059612  -0.153342  -0.053900  217.845485  -15.280828
7578  -25.316111  19.909595  0.035317  0.049757  -1.329900  204.837256  0.053145  -9.163797  0.695952  -0.136940  0.250890  -0.058643  217.872032  -18.445971
7579  -26.991053  21.825625  0.080002  0.099954  -1.466317  202.263519  0.008036  -3.416155  0.758675  0.015950  0.146245  -0.021507  217.874082  -11.715673
7580  -29.138660  23.414872  -0.186117  -0.288405  -1.445043  199.943537  0.090266  -11.059362  0.801500  0.230726  0.164200  -0.070289  217.910265  4.004949
7581  -21.176855  18.626728  -0.000981  0.106647  -1.194288  206.453132  -0.032579  -3.288389  0.568117  0.017926  0.184574  -0.024355  217.856248  -30.968610
7582  -23.007995  20.983472  0.093329  0.211605  -1.442973  203.444221  -0.118628  15.477418  0.685768  0.017861  0.078976  0.137915  217.919917  1.755638
7583  -24.858087  22.685476  0.090479  0.064218  -1.531991  201.027651  0.074384  -9.915784  0.569801  0.029213  -0.059208  -0.044365  217.877277  6.362049
7584  -19.195709  19.758273  -0.052093  -0.059552  -1.291038  205.056519  0.010791  -2.194829  0.398154  -0.146066  0.069000  -0.021729  217.941632  7.607566
7585  -20.906779  21.391818  -0.055676  -0.086395  -1.321358  202.859536  0.004740  -0.582914  0.583661  -0.101183  0.126560  0.006279  217.883172  4.950882
7586  -22.404152  23.387919  0.048468  0.118054  -1.531018  199.955162  0.007288  -5.375945  0.704851  0.022152  -0.263638  -0.004170  217.865501  -9.582336
7587  -18.743982  22.474824  0.007250  0.063213  -1.418818  201.355746  0.044874  -3.104700  0.544746  -0.091275  -0.214416  0.006484  217.868965  15.401617
7588  9.046945  18.499326  -0.180609  -0.210690  -1.286583  206.569348  0.093670  -16.650736  0.614086  -0.027711  -0.110793  -0.104085  217.851298  6.979823
7589  7.531645  20.396475  -0.055703  -0.063286  -1.133525  204.222153  0.046150  -5.901108  0.705513  0.034175  -0.129127  -0.020983  217.877828  -2.648875
7590  6.286366  18.484309  -0.133635  -0.148388  -1.130872  206.671972  0.110942  -15.980758  0.697997  -0.103896  -0.071304  -0.103334  217.884593  1.963380
7591  5.571678  22.015701  -0.131718  -0.160180  -1.209545  201.992699  0.071138  -10.048827  0.723803  0.073417  -0.045236  -0.042317  217.891954  0.183674
7592  4.341467  19.968588  -0.074069  -0.050314  -1.304832  204.795103  0.235747  -34.119193  0.579665  -0.025282  0.021497  -0.161401  217.886415  -10.253168
7593  2.736758  21.702195  -0.007834  -0.094620  -1.552428  202.418861  -0.059679  9.638472  0.622391  -0.107184  -0.012864  0.067837  217.872180  -23.234095
7594  2.181958  19.414644  -0.050605  -0.135246  -1.357160  205.478228  0.071978  -8.666012  0.541976  -0.114692  -0.066937  -0.039029  217.886140  -23.296146
7595  0.026791  21.386196  -0.048630  0.137319  -1.371709  202.859286  0.134713  -13.943083  0.509315  -0.063243  -0.241464  -0.049933  217.871241  2.194699
7596  -0.375871  19.043907  0.000105  -0.011722  -1.195393  205.937200  0.033466  -5.598310  0.562255  -0.056678  -0.091265  -0.022633  217.872314  -21.693022
7597  -1.802653  23.317139  0.092854  0.106693  -1.650246  200.058880  0.118338  -13.386385  0.627308  -0.080339  -0.153652  -0.079772  217.884218  10.832938
7598  -2.499519  20.995136  -0.179574  -0.273781  -1.256678  203.337680  -0.048985  12.497786  0.786336  0.074981  0.016559  0.075305  217.898055  -3.236137
7599  -2.870625  18.547581  -0.054982  -0.172048  -1.244326  206.487423  -0.030770  14.313237  0.581695  0.008422  0.159730  0.058264  217.836873  -32.176189
7600  -4.412493  22.974804  0.034405  0.066252  -1.217908  200.614153  -0.093221  12.328750  0.771280  0.151463  0.239196  0.063699  217.870915  9.158535
7601  -5.392140  20.791531  0.019095  0.034049  -1.242461  203.695673  0.065538  -10.327130  0.753221  0.156814  0.199771  -0.058291  217.963375  4.841754
7602  -5.560157  18.708658  -0.002917  -0.056760  -1.229896  206.368323  -0.009125  0.155000  0.574779  -0.110540  -0.087254  0.020010  217.891532  7.370626
7603  -7.029402  22.530096  -0.080826  -0.045346  -1.643265  201.229884  -0.048962  4.360234  0.793474  0.126575  0.102807  0.055469  217.905741  -2.450559
7604  -7.993966  19.845088  -0.048563  -0.057992  -1.527795  204.913300  -0.176850  23.243793  0.594530  -0.022829  -0.015102  0.160694  217.902721  -20.117530
7605  -17.280342  18.494582  -0.083152  0.011818  -1.089222  206.577102  0.094513  -23.424061  0.547017  0.035629  -0.189746  -0.101041  217.813608  -25.844485
7606  -9.432391  21.943627  0.103410  0.109044  -1.351564  202.078646  -0.049102  8.227210  0.532407  -0.007790  -0.015609  0.077265  217.931400  6.980817
7607  -10.140541  19.106196  0.119398  0.206786  -1.393929  205.867877  -0.081741  2.388174  0.674243  -0.103356  0.023793  -0.006268  217.940944  -36.486720
7608  -14.897841  18.528010  0.075679  0.174658  -1.239908  206.525783  0.023177  -8.627258  0.575431  0.034484  -0.160771  -0.040112  217.861798  -2.192085
7609  -16.729046  20.941193  0.105534  0.016886  -1.539847  203.507218  -0.035810  9.393047  0.838161  0.203444  -0.132527  0.065688  217.865719  -2.743351
7610  -11.805930  21.074045  0.246388  0.277168  -1.520652  203.289644  0.008553  -4.170674  0.585681  -0.081713  -0.168411  -0.013846  217.898843  -5.938112
7611  -12.578493  18.879475  0.053093  0.036427  -1.196094  206.158620  0.045130  -8.428447  0.541797  -0.005058  0.069329  -0.044391  217.873339  -4.561649
7612  -14.420410  20.753243  -0.065581  0.019849  -1.440573  203.720769  -0.039572  4.120945  0.727882  0.011312  0.027223  0.046186  217.884349  -5.171942
7613  -15.935954  23.071509  0.194728  0.066349  -1.436431  200.384445  -0.025705  2.651970  0.790595  0.133038  -0.031243  0.021354  217.907228  6.039547
7614  -13.547370  23.168787  -0.009965  -0.012558  -1.467537  200.278532  0.001517  0.374342  0.714362  0.008690  -0.064987  0.022433  217.916040  -3.107368
7615  8.534990  22.505374  -0.054127  -0.059003  -1.452878  201.281039  0.057495  -6.178515  0.741343  0.087563  -0.244844  -0.021001  217.889253  -1.116126
7616  10.299988  20.490968  0.073428  0.059119  -1.334312  204.040952  -0.069762  11.435914  0.627825  0.220892  -0.105454  0.092820  217.913677  5.079691
7617  11.598860  22.285240  -0.075239  -0.105293  -1.471550  201.588759  -0.076685  10.973115  0.742357  0.115665  0.006910  0.111025  217.912615  2.315615
7618  11.763348  18.437147  0.059724  0.145338  -1.098186  206.669141  -0.109062  14.087674  0.578458  0.007134  -0.190566  0.101561  217.861098  -5.700581
7619  12.915567  20.116715  -0.108926  -0.149805  -1.429469  204.528755  -0.085915  8.338832  0.646060  -0.057808  0.089828  0.071394  217.896220  8.739222
7620  14.200259  22.070887  -0.122598  -0.116402  -1.326214  201.942465  0.020384  -3.022351  0.535717  0.015339  0.027343  -0.012763  217.887532  8.941413
7621  19.719286  18.394216  0.029718  0.106597  -1.216329  206.739822  0.009367  -7.309745  0.551990  0.024468  -0.130630  -0.077344  217.874741  -5.603741
7622  17.114002  18.433372  0.099410  0.285277  -1.003195  206.681108  -0.099035  -2.286179  0.577307  0.063076  -0.064697  -0.044178  217.863325  1.213098
7623  14.360569  18.447812  -0.200236  -0.333419  -1.184278  206.686010  0.098289  -6.440587  0.579024  0.012539  -0.019226  -0.047619  217.907394  3.002313
7624  15.758843  20.220095  0.008703  0.092803  -1.322903  204.464601  -0.005043  3.329406  0.568048  -0.002333  0.018632  0.054549  217.891693  7.296445
7625  17.099296  22.223233  0.079665  0.032692  -1.404842  201.682561  -0.093547  11.812677  0.654203  0.044330  0.013031  0.050438  217.878646  -5.677183
7626  28.853999  18.570796  0.036514  0.104655  -1.208827  206.530198  -0.094906  8.823100  0.577821  -0.035170  0.086440  0.022629  217.883448  -30.377087
7627  26.271901  18.925755  -0.057573  -0.076389  -1.261031  206.079340  -0.001516  2.704096  0.698487  0.037078  0.116282  -0.007973  217.904055  -26.879126
7628  23.690353  19.254185  0.110249  0.143186  -1.336850  205.669343  0.076683  -15.014175  0.779843  0.125409  0.022635  -0.119661  217.954684  -27.838223
7629  21.253526  19.715466  -0.104502  -0.141343  -1.293258  205.052711  -0.056430  6.982952  0.388566  -0.245053  0.206084  0.027179  217.871065  0.791323
7630  18.444673  20.235048  0.097277  0.133734  -1.412170  204.400620  0.008364  -0.943124  0.664505  0.061541  -0.085381  -0.017240  217.886891  -4.441818
7631  19.724966  21.935737  -0.025077  -0.021285  -1.514876  202.075042  -0.034273  4.668895  0.798244  0.040899  -0.048679  0.016788  217.855177  -6.185422
7632  30.421243  20.655424  -0.071328  -0.106574  -1.415840  203.772840  -0.170445  23.247458  0.469907  -0.160720  0.143018  0.079367  217.884748  -7.326722
7633  27.809085  20.951814  0.067288  0.119675  -1.573567  203.452563  -0.017395  3.125322  0.809311  0.229688  0.110916  0.062335  217.868415  -4.091960
7634  25.302116  21.333134  -0.003264  -0.034009  -1.492918  202.909321  -0.179460  24.629746  0.672246  0.035055  0.005007  0.149930  217.870676  4.326947
7635  22.417691  21.819778  -0.007159  -0.095811  -1.439521  202.197081  -0.012046  4.833445  0.804258  0.103698  -0.064800  0.045391  217.872402  3.851910
7636  31.130145  22.842179  -0.061975  -0.030680  -1.538919  200.750982  0.135731  -17.867924  0.465189  -0.133582  -0.016772  -0.146543  217.869644  10.076117
7637  29.038600  22.956398  -0.043510  -0.078413  -1.494881  200.610793  -0.116914  17.142551  0.752868  0.095070  0.145597  0.115583  217.933573  -4.492513
7638  26.675993  23.321314  0.119718  0.126528  -1.597983  200.047726  -0.085965  10.369180  0.747680  -0.038749  0.089826  0.073343  217.850497  -8.883274
7639  -32.908158  24.416876  0.138555  0.023492  -1.682592  198.371893  0.023213  -7.016219  0.810069  0.064743  -0.066441  -0.065840  217.891075  -4.191656
7640  -30.582736  25.079270  0.011383  0.008066  -1.718557  197.326531  0.118162  -11.828292  0.744078  -0.038603  -0.007632  -0.074464  217.885273  -0.058093
7641  -32.858501  26.637511  -0.143635  -0.187013  -1.797535  194.768500  0.187567  -17.999664  0.786309  0.035038  -0.136683  -0.116430  217.900924  -18.272716
7643  -26.835125  24.422903  -0.121640  -0.160260  -1.556816  198.304274  0.032850  -3.304040  0.760950  0.032833  -0.083870  -0.070772  217.898245  -0.445449
7644  -28.336605  25.968686  -0.025869  -0.021007  -1.606215  195.871227  0.042930  -5.833254  0.778530  0.021772  0.009356  -0.046927  217.884816  1.778622
7648  -24.183333  25.093155  -0.031728  -0.095566  -1.625638  197.310228  -0.014614  0.262566  0.610461  -0.286931  -0.137149  0.005979  217.883667  9.367775
7653  -20.529819  24.181487  -0.127113  -0.201741  -1.355412  198.760963  0.076278  -17.623393  0.627803  0.046024  -0.091008  -0.128870  217.832585  24.508646
7654  -21.849312  25.962856  0.038376  0.050294  -1.667149  195.856293  -0.034371  4.532940  0.730383  -0.017181  -0.096881  0.052211  217.876181  12.084945
7655  -19.869500  26.543833  -0.154140  -0.218475  -1.843469  194.897493  0.039529  -4.461334  0.778093  0.080241  -0.005772  -0.035611  217.849968  5.024103
7656  -17.464029  26.942067  -0.030529  -0.018873  -1.758851  194.211874  0.109338  -10.334823  0.896421  0.095539  -0.192087  -0.070294  217.883190  -6.801436
7657  -18.081473  24.740453  0.047092  0.072271  -1.493493  197.872121  0.060542  -8.132419  0.755485  -0.081356  0.026268  -0.081573  217.862468  1.375333
7658  -15.609174  25.112024  -0.070073  -0.062403  -1.665970  197.323951  0.013780  -0.671603  0.892224  0.100617  0.071565  0.003933  217.957167  -5.542097
7659  32.165832  26.879109  -0.091950  -0.023836  -1.798056  194.308707  0.024434  -3.009889  0.727896  0.024073  -0.110798  -0.053872  217.895608  30.020656
7660  8.187175  25.909403  -0.007455  0.016725  -1.594393  195.982556  -0.015524  3.444724  0.758289  -0.026761  0.093110  0.037888  217.892083  8.276121
7661  6.738098  24.120519  -0.044161  -0.054355  -1.569504  198.846519  0.101533  -12.696615  0.729332  -0.034684  -0.075684  -0.067245  217.880261  -0.787454
7662  5.298280  25.957273  -0.069349  -0.014098  -1.627756  195.929520  0.077455  -8.628353  0.695347  -0.115051  0.005476  -0.042602  217.838578  4.005367
7663  3.918449  23.905008  0.257221  0.333881  -1.519313  199.137085  0.176195  -20.591881  0.606515  -0.078236  -0.075997  -0.103492  217.805601  5.499300
7664  2.462789  25.767795  -0.013658  -0.042046  -1.753050  196.184699  -0.051308  4.287848  0.747450  -0.098059  -0.054227  0.046140  217.785591  -3.385997
7665  1.111549  23.664311  0.072140  0.091583  -1.675369  199.549544  0.041631  -5.431924  0.750890  0.081510  -0.149749  -0.030483  217.898429  -4.418973
7666  -0.464543  25.539913  0.036188  0.029996  -1.632877  196.564849  0.014732  -1.732214  0.734193  0.018530  0.010726  0.027201  217.863620  21.810297
7669  -8.748536  24.181245  -0.084543  -0.127094  -1.615495  198.764928  0.063198  -6.820749  0.741016  0.064686  0.155504  -0.060033  217.886983  -1.657965
7670  -11.096336  23.870436  -0.030198  -0.033042  -1.458200  199.208186  -0.001531  1.085997  0.566472  -0.082432  0.191865  0.024081  217.853900  14.618682
7671  9.958735  27.793145  0.045903  0.094850  -1.780815  192.694249  0.015945  -1.485596  0.727983  -0.084666  -0.062592  -0.040033  217.879674  0.749694
7672  10.055214  24.365294  -0.067134  -0.104728  -1.742399  198.456936  -0.001510  0.328268  0.542763  -0.258250  0.070426  -0.034212  217.867493  4.602685
7673  11.567232  25.920211  -0.047988  -0.105948  -1.613232  195.952075  -0.128086  13.793446  0.553340  -0.304522  0.188239  0.092893  217.894364  5.255626
7674  12.848774  27.971887  -0.064723  -0.111075  -1.799005  192.418657  -0.016608  1.992358  0.816236  0.182353  -0.005584  0.027827  217.868728  -1.996733
7675  13.115039  24.179760  -0.094002  -0.115789  -1.652954  198.738362  0.004905  1.629776  0.814206  0.138893  -0.075818  0.018502  217.955549  -0.516640
7676  14.541412  26.054989  0.121892  0.158379  -1.807793  195.694244  -0.020849  2.855332  0.911056  0.097997  -0.061015  0.067097  217.815155  -11.286527
7677  15.722253  28.039133  0.206289  0.259272  -1.956825  192.254603  -0.004160  -0.336963  0.961826  0.258888  -0.080946  -0.042178  217.918090  -2.757949
7678  15.863186  24.128233  -0.011695  0.074916  -1.577099  198.838826  0.049654  -5.900642  0.634936  -0.114097  0.145029  -0.041402  217.877808  1.704644
7679  17.411723  25.894268  0.104318  0.140808  -1.805448  195.969375  -0.034737  4.171383  0.939267  0.285286  0.085549  0.000813  217.916398  3.101582
7681  18.884993  23.915282  0.131072  0.150381  -1.311031  199.172091  -0.157866  21.229348  0.595962  -0.148716  0.073097  0.146795  217.857640  -2.483762
7682  20.211869  25.788855  0.111492  0.135286  -1.788342  196.148380  -0.004093  0.858918  0.712942  -0.068292  -0.081234  0.006814  217.902819  -5.424288
7684  21.390938  23.931025  0.053932  0.078271  -1.428228  199.116275  -0.038656  3.416007  0.866372  0.089469  0.064678  -0.007624  217.895536  3.357788
7685  22.915106  25.872105  0.016041  0.004444  -1.633650  195.988150  -0.096710  11.113976  0.788163  0.038989  0.183212  0.048458  217.876827  -11.173515
7686  24.277748  27.945594  0.045052  0.050074  -1.903657  192.431865  0.053331  -4.321488  0.841850  0.117700  0.011503  -0.044084  217.929345  6.657285
7687  23.941984  23.662093  0.025997  0.090036  -1.560589  199.491441  0.069796  -11.821185  0.754416  -0.028704  -0.099143  -0.126496  217.863300  -7.157555
7688  25.506181  25.679619  0.066738  0.114114  -1.787671  196.335781  0.038384  -2.982974  0.824991  0.178795  0.137959  -0.004999  217.883812  1.776101
7690  28.193447  25.434831  -0.029858  -0.025226  -1.618806  196.737996  0.075411  -9.256627  0.776325  0.053049  -0.033929  -0.080857  217.840950  3.362478
7691  29.782896  27.248019  0.059591  0.094225  -1.764582  193.652690  0.054527  -5.878587  0.846770  0.206947  0.020789  -0.072344  217.937576  -0.055209
7692  30.747499  24.821365  0.038829  0.102079  -1.670165  197.745900  0.051070  -8.340940  0.754653  0.025787  0.060378  -0.080045  217.919509  -10.869447
7693  7.067635  27.823083  -0.091579  -0.110323  -1.955796  192.693374  0.020407  -3.008144  0.873606  0.139287  0.174769  -0.040647  217.910534  -1.786714
7694  4.169636  27.806553  -0.027955  -0.020725  -1.791973  192.696125  0.027984  -3.629996  0.648211  -0.108597  0.115480  -0.070485  217.907410  6.840672
7701  -7.836740  26.191617  -0.059909  -0.070130  -1.753270  195.495803  0.036122  -3.434428  0.862504  -0.027771  0.022651  -0.042731  217.902270  -9.370989
7703  -10.387309  26.107528  -0.039215  -0.037917  -1.605072  195.632577  -0.090060  9.361076  0.647879  -0.095809  0.080970  0.036998  217.864743  15.168901
7705  -13.110956  25.688212  -0.062532  -0.120710  -1.574639  196.342582  0.037984  -5.335112  0.738895  0.055799  -0.043289  -0.036669  217.864147  15.651741
7714  8.412368  29.839578  0.091705  0.187854  -2.069279  188.986185  0.084913  -9.068498  0.868486  0.118918  -0.068261  -0.081043  217.874258  -11.713727
7715  9.492549  31.724726  -0.076980  -0.124157  -2.058658  185.315372  0.021474  -0.334693  0.948785  0.165139  0.170323  0.009956  217.884984  -9.730592
7718  11.318496  29.982537  0.010283  0.039149  -1.959540  188.704664  0.064745  -8.258553  0.923664  0.183345  -0.227360  -0.107513  217.867831  -2.960109
7721  14.370362  30.091153  0.076472  0.128615  -2.069143  188.510352  -0.062690  5.144142  0.886613  0.077121  -0.194483  0.015326  217.935652  -8.395162
7818  21.523869  -0.001059  0.063229  -0.177836  0.018797  217.844732  0.016857  5.713836  0.096163  -0.014264  -0.033661  0.024059  217.846476  -4.674199
7819  43.159781  1.935973  0.060468  0.365368  -0.103050  217.762350  0.125042  -9.921662  0.000164  0.031741  -0.165275  0.018270  217.904190  -4.900692
7820  44.113425  -0.024043  -0.126894  0.056852  0.201920  217.824328  0.006435  7.501679  -0.073995  -0.005915  0.268863  -0.005034  217.809703  8.074033
7821  40.843251  1.986333  -0.049599  0.058045  -0.363919  217.760916  0.057823  -8.681044  -0.094304  0.163706  0.041064  0.025882  217.889778  9.406250
7822  42.112369  -0.245617  0.052278  -0.048255  0.031783  217.881975  0.011078  28.382771  0.150361  0.099309  0.105387  0.051155  217.886772  -7.141522
7823  43.282684  -2.357607  0.079340  0.092277  0.282509  217.684017  0.017472  5.556948  -0.249252  -0.075565  0.048692  0.006227  217.870811  2.453073
7824  38.752733  2.119947  -0.185808  -0.388765  -0.110669  217.819728  -0.172104  -5.762865  0.113816  -0.070728  -0.147311  -0.031691  217.814037  19.753704
7825  39.690870  -0.456817  -0.117574  -0.102898  -0.188949  217.901300  0.007624  -0.921184  -0.063125  -0.062662  0.065784  -0.014870  217.904001  -10.130766
7826  40.998155  -2.552935  0.042956  0.070441  0.353071  217.648421  -0.020600  -7.536508  -0.097965  -0.057622  -0.000642  0.004789  217.858322  -11.160618
7827  36.578939  2.049710  -0.036794  -0.377219  -0.160196  217.764613  -0.189730  1.956266  0.075184  0.010991  0.081207  -0.000340  217.904464  2.259420
7828  37.394994  -0.177481  0.092338  0.034967  -0.073107  217.881087  0.012009  -1.340990  0.077543  0.079191  -0.042816  0.002752  217.872556  -6.684521
7829  38.837660  -2.359532  0.044042  0.055765  0.134636  217.705887  0.004126  -0.696069  -0.097912  -0.112034  0.054241  0.007245  217.935072  -7.046425
7830  34.267167  1.948072  -0.057175  -0.163526  -0.034061  217.753312  -0.060476  2.038517  0.061780  -0.005695  0.005787  0.000169  217.880926  1.562417
7831  35.090022  -0.215563  -0.025326  -0.027997  -0.065866  217.880869  -0.003517  -0.899487  0.216954  -0.013739  -0.070133  0.072878  217.920359  -5.517453
7832  36.388416  -2.174362  0.045915  0.221873  0.125418  217.767682  0.022193  -8.486324  -0.079768  -0.099888  -0.107686  -0.002638  217.881611  -2.658181
7833  31.950973  1.963941  0.055132  -0.221582  0.052678  217.749800  -0.104319  -3.723273  -0.001220  0.034694  0.005426  -0.008494  217.862171  3.658370
7834  33.004396  -0.237821  -0.033545  -0.013122  0.115023  217.871589  0.000284  11.564285  -0.076719  -0.003857  0.113855  -0.024863  217.865776  1.876537
7835  34.150254  -2.117187  0.195486  -0.100583  0.157305  217.713246  0.009100  -6.616298  0.102838  0.066587  -0.090198  -0.009972  217.851727  -14.154863
7836  29.601470  1.878923  -0.118460  0.009955  -0.379043  217.789467  0.021993  -2.932823  0.067672  -0.041148  0.153929  0.001769  217.864395  0.776063
7837  30.756114  -0.138317  0.084353  0.238458  0.132793  217.776442  -0.009170  -7.541044  -0.051268  -0.133256  -0.028681  -0.000041  217.872478  -2.763797
7838  31.730692  -2.093600  0.020254  -0.045609  0.091874  217.761729  0.003947  11.035991  -0.019443  0.097157  -0.016420  -0.010001  217.863539  -1.040886
7839  27.381230  1.983362  0.046272  0.051472  -0.196699  217.702564  0.019038  -2.977742  0.054535  0.030361  0.004187  0.003188  217.888182  7.271042
7840  28.391988  0.000007  -0.110976  -0.150185  -0.116311  217.888874  0.011687  -4.134206  0.061718  0.077839  0.088104  -0.003162  217.861105  -14.375608
7841  29.512264  -2.068632  -0.021925  0.009012  0.113947  217.745793  -0.003847  -0.959560  -0.130666  -0.101513  -0.178925  -0.003558  217.930538  -6.827371
7842  24.970470  2.114288  0.067593  0.177684  -0.147430  217.734101  0.063506  1.312050  0.088162  -0.101671  -0.097221  0.000460  217.823591  1.319169
7843  26.009973  0.031466  -0.015367  -0.028260  0.091091  217.876122  0.009122  8.674931  -0.008914  -0.110828  0.013823  0.010026  217.885675  -6.571726
7844  27.249774  -1.846887  0.021017  0.049053  0.145506  217.781387  -0.003330  -1.596776  0.192680  0.115283  0.018494  -0.007509  217.862732  -8.024511
7845  25.152170  -2.213924  0.087665  0.115994  0.144610  217.723403  0.001987  2.661607  -0.084406  -0.117578  0.127056  0.002553  217.889994  -4.543320
7846  23.027543  -2.005648  0.047662  -0.173424  0.094344  217.733163  0.033720  4.869644  -0.046532  0.022287  0.040695  0.001435  217.873609  -9.946231
7847  23.743390  0.119694  -0.122538  -0.021930  0.002993  217.868889  -0.022328  -10.739848  -0.023284  0.049185  0.023536  0.010952  217.880378  8.418143
7848  -0.851827  0.190474  -0.103479  -0.030041  0.033129  217.948336  -0.031378  -12.342198  0.049194  -0.048360  -0.067936  -0.005300  217.874900  -12.692158
7849  -1.835716  1.992089  -0.015488  0.089738  -0.000060  217.762768  0.020996  -4.569572  -0.131604  0.035033  -0.046861  0.009602  217.909184  18.637990
7850  0.314384  -1.567590  -0.077476  -0.044819  -0.087640  217.779404  -0.021618  -11.036989  -0.318988  -0.325422  -0.336696  -0.011653  217.922058  3.395597
7851  -2.005490  -1.760661  0.027754  -0.031726  0.244350  217.748012  -0.025307  -25.314169  0.057909  -0.057543  -0.000927  -0.085047  217.860345  7.167889
7852  0.654999  2.018989  -0.032410  0.090414  -0.211250  217.801405  0.083923  -18.207874  0.064290  -0.038148  -0.141073  -0.004171  217.874392  12.476418
7853  3.153482  2.074578  -0.025320  -0.107588  -0.275755  217.777827  -0.052185  -9.139749  0.098067  -0.063526  0.091222  -0.003228  217.819145  17.987223
7854  5.738241  1.905962  0.040420  0.120997  -0.197239  217.793029  0.044521  -8.628980  0.086341  -0.116036  -0.168556  -0.009391  217.848453  -2.543173
7855  8.143305  2.060675  0.008823  0.137610  -0.150206  217.739954  0.096639  -6.352992  0.081677  -0.047494  -0.021492  -0.008693  217.814541  25.024824
7856  10.318083  1.869075  -0.074316  -0.108535  -0.213721  217.761552  -0.011997  2.458230  0.062381  -0.006835  0.044694  -0.003482  217.849073  -5.738732
7857  12.714995  2.046292  0.000017  -0.211953  -0.391682  217.738849  -0.144513  12.405331  0.094564  -0.009856  0.139326  0.017491  217.852922  16.766724
7858  15.091308  2.063271  0.227654  0.159976  -0.074342  217.737453  0.009515  3.657154  0.048039  0.002386  0.220187  -0.006477  217.887508  9.255767
7859  17.381596  2.066512  -0.175044  -0.225669  -0.198760  217.742502  -0.045505  -14.742408  0.102187  -0.083960  -0.119103  -0.016212  217.829110  -0.178036
7860  22.595992  2.084955  0.275313  0.387505  -0.212841  217.633613  0.106559  -1.035766  0.099144  -0.104087  -0.157035  0.000175  217.821422  10.535991
7861  20.069199  1.962923  0.081900  0.053131  -0.244897  217.739608  0.016201  -2.138858  0.052969  -0.040331  0.055712  0.002203  217.853064  -4.952654
7862  1.776636  0.251508  0.012302  0.043079  -0.062111  217.876458  0.008552  -15.916007  -0.293882  -0.244800  -0.167704  0.051871  217.872662  0.265663
7863  2.910971  -1.717658  0.009851  -0.008397  -0.001146  217.825353  -0.005336  9.170653  0.186826  0.123381  0.209407  0.021775  217.881715  -8.494217
7864  4.447237  0.062001  0.024344  0.191180  0.042209  217.895035  0.035533  -9.408812  -0.060192  0.040489  -0.035804  0.019067  217.852548  6.984423
7865  5.460615  -1.999963  0.051669  -0.033835  0.153070  217.741527  0.007086  9.924357  -0.038044  -0.015690  0.072165  -0.008479  217.881532  -6.161363
7866  6.799864  0.199504  0.133100  0.066429  0.042954  217.880104  0.012440  2.886286  -0.005873  0.029844  -0.050714  -0.005856  217.871826  11.034184
7867  7.927285  -1.920068  0.054343  0.180732  0.009352  217.760997  -0.031237  3.453530  0.012033  -0.038686  0.002540  -0.007018  217.877340  -4.460667
7868  9.130937  0.081931  0.017215  -0.094103  0.042411  217.835261  0.002543  -3.610964  -0.131942  0.152632  -0.119738  0.067541  217.939638  11.387813
7869  10.363464  -2.032074  0.165675  0.083143  0.033743  217.771515  0.011579  0.191124  -0.042903  -0.173837  0.143115  0.023853  217.824620  -2.730114
7870  11.536149  0.005588  -0.116762  0.031415  0.048620  217.875129  0.004759  -2.368640  -0.221963  -0.034272  0.022858  0.011557  217.883792  1.034033
7871  13.003055  -1.699009  -0.033030  -0.052730  -0.007134  217.794814  -0.005509  8.538583  0.003307  0.158119  -0.032969  -0.008881  217.786395  1.122540
7872  14.154213  0.146073  0.095153  0.198606  0.068116  217.881527  0.032298  -4.386178  -0.167261  -0.033182  -0.197389  -0.002040  217.881100  10.818950
7873  15.526986  -1.805050  -0.035827  0.081292  0.049098  217.779545  -0.006898  -8.039360  0.145898  -0.044187  0.039884  -0.023096  217.881475  -4.611860
7874  16.694263  0.118311  0.041222  0.010144  0.098800  217.880688  0.034029  5.500433  -0.036382  -0.056127  -0.000898  0.001618  217.852853  -10.351749
7875  18.092691  -1.954499  -0.001401  0.108995  0.010581  217.754947  -0.029455  -2.406955  0.067871  0.017115  -0.037057  -0.013437  217.838651  -11.511815
7876  19.191921  0.037958  0.028976  0.207327  -0.096120  217.983535  0.032843  3.417837  -0.143518  -0.031799  0.044550  0.031148  217.924716  -2.760135
7877  20.626519  -1.990488  0.076123  0.072048  0.081786  217.742209  -0.016658  -1.817409  0.183962  0.206019  0.235554  -0.025122  217.892478  -1.060532
7878  44.079757  -4.526788  -0.051787  0.010510  0.183585  217.174760  -0.026709  -15.499595  -0.083625  0.078760  0.126362  0.009793  217.904809  -2.153088
7879  42.022022  -4.586995  0.175988  0.039826  0.252489  217.152634  -0.024892  -5.697257  -0.200635  -0.034195  -0.161751  -0.015332  217.869883  -4.866653
7880  40.032361  -4.351266  -0.110038  -0.091512  0.290615  217.255953  -0.018290  3.489069  -0.306417  0.046231  0.200930  0.039247  217.863841  17.169448
7881  37.515520  -3.766329  -0.100915  -0.132158  0.086376  217.429868  -0.035081  -4.609066  -0.138224  0.045553  0.026565  0.000995  217.893747  16.040630
7883  35.025349  -3.824211  -0.089005  -0.067462  0.274139  217.421877  -0.025126  -14.920195  -0.228343  -0.096489  -0.229264  0.012346  217.863838  10.946098
7885  33.026147  -3.868004  0.212210  0.005901  0.448935  217.385977  0.013658  9.410440  -0.086257  0.085709  -0.018854  -0.007262  217.957980  4.590470
7891  30.505649  -3.946376  -0.107957  -0.154345  0.376162  217.363665  -0.017863  1.670120  -0.138741  0.050728  -0.014133  -0.006509  217.882205  11.532185
7892  28.283620  -3.905241  -0.054136  -0.071902  0.355840  217.327069  -0.026185  -10.223056  -0.183874  -0.009716  0.080056  0.009357  217.881790  11.060322
7893  26.352604  -4.064164  0.014766  0.045746  0.151373  217.346593  -0.007514  -4.269278  -0.088982  0.022820  -0.027356  -0.010304  217.794252  4.531804
7894  24.023850  -4.142172  -0.071367  0.031556  0.169397  217.311258  -0.003260  -0.409390  -0.250361  -0.073489  0.033214  -0.011974  217.867965  3.321039
7898  1.610392  -3.751215  -0.171846  -0.049787  0.143288  217.406421  0.007316  -2.877262  0.036645  -0.102936  -0.200717  0.006952  217.841014  -3.177346
7900  4.037492  -3.985125  -0.047929  -0.206305  0.232025  217.367505  0.027717  4.615267  0.069146  0.052937  -0.043069  0.025341  217.842141  -6.841542
7902  6.651147  -3.845468  0.112052  0.131704  0.323720  217.373921  0.025614  -4.353437  -0.169634  -0.017769  0.083249  0.027409  217.856757  6.902815
7904  9.195298  -3.888520  -0.089490  0.112319  0.054865  217.425926  0.060870  -3.256920  -0.147739  0.066095  -0.020205  0.016767  217.910298  15.295507
7906  11.981953  -3.790286  -0.091041  -0.083447  0.182852  217.390996  0.019879  2.094524  -0.098215  -0.021130  -0.108321  0.016552  217.880026  -4.709109
7912  14.514078  -3.645646  0.126056  0.102166  0.307259  217.436462  0.013142  2.774943  -0.205224  -0.044898  -0.130315  -0.011923  217.873481  14.013821
7913  21.743409  -3.839325  -0.011557  -0.214633  0.215857  217.388229  -0.002430  4.611121  -0.026356  0.063627  0.024273  0.001607  217.910369  6.174072
7914  19.351554  -3.960570  0.088526  -0.044077  0.348507  217.330859  -0.013230  -6.222312  -0.194007  0.004828  -0.021101  0.003019  217.870216  4.434774
7915  16.802185  -3.865714  0.006592  0.093962  0.218742  217.388860  -0.036346  -8.633572  0.049058  0.105075  -0.028816  -0.015526  217.846368  -8.365580
8054  252.132871  48.842550  0.059881  0.239974  -2.852875  143.366552  -0.098385  6.984704  0.942934  -0.002327  0.004699  0.091570  217.921764  29.737572
8055  252.059870  50.655582  0.007021  0.023708  -2.930171  138.097704  -0.324059  16.471874  0.947984  0.075857  0.024577  0.255913  217.832387  -12.259937
8056  248.930630  49.194311  0.011642  0.009026  -2.911819  142.348482  -0.338685  16.429721  0.949222  0.034491  -0.000887  0.224716  217.882067  -8.447927
8057  250.694557  52.742218  -0.025234  -0.032707  -2.990711  131.871730  -0.036309  2.641071  0.881642  -0.019763  0.001915  0.064997  217.874650  5.396788
8058  248.164878  51.358130  0.001083  0.007029  -2.974722  136.029403  -0.117899  5.672268  0.951649  0.016616  0.007599  0.103786  217.829302  -9.058759
8068  242.616386  58.849139  -0.007383  0.037713  -3.217548  112.680952  -0.583827  20.128907  0.843017  -0.020051  0.012577  0.316954  217.827130  16.156615
8123  34.201038  -4.637013  -0.259069  -0.315591  0.012755  217.219698  -0.014912  -10.298262  -0.143805  -0.135583  0.146791  -0.011836  217.887259  -29.800770
8124  34.797855  -4.710795  0.039983  -0.246401  0.300212  217.158752  -0.093214  10.468491  -0.172522  -0.113280  0.127092  -0.053161  217.877094  -45.857180
8125  35.353087  -4.730949  -0.072164  -0.193383  0.266167  217.196254  0.033338  22.513942  -0.214370  -0.172111  0.206610  -0.074040  217.850617  -50.202887
8126  35.966050  -4.828349  -0.019741  -0.096045  0.078604  217.145231  0.035846  46.959616  -0.128616  0.080200  0.001018  -0.057844  217.861320  -71.568194
8127  36.489252  -4.855782  0.060136  0.033350  0.250805  217.110608  0.101262  51.893287  -0.118120  -0.091792  0.025100  0.059782  217.846538  -77.520454
8128  37.064498  -4.829230  0.316051  -0.047682  0.256936  217.053575  0.146015  68.174921  -0.034570  0.059186  -0.016825  0.080136  217.838808  -71.805046
8129  37.551087  -4.931063  -0.034192  0.086224  0.454253  217.081228  0.056567  65.318937  0.127299  -0.191586  0.331892  0.135481  217.914835  -93.964669
8130  37.708045  -4.950053  -0.252624  0.102285  0.169570  216.985201  -0.026121  -9.067841  0.037655  -0.248234  -0.210670  0.274193  217.923510  -97.972782
8159  172.992880  51.153144  0.000452  -0.011100  -2.953294  136.656850  0.586089  -26.575475  0.915358  0.002043  0.007275  -0.335497  217.876342  24.483371
8160  169.995840  50.945387  0.020980  -0.010262  -3.023689  137.271121  -0.179481  10.955765  0.945932  0.076446  -0.089368  0.152413  217.868465  7.693595
8161  165.707810  50.391750  -0.021940  -0.034921  -2.960167  138.883851  0.028483  -1.214283  0.946846  0.075416  -0.024004  -0.043043  217.850049  3.098688
8162  162.740886  50.183005  0.021909  0.183250  -2.832075  139.489540  0.074436  -8.724820  0.940454  0.070738  0.013514  -0.132152  217.822289  5.573908
8163  174.905426  53.205706  0.016907  -0.091041  -3.040157  130.480476  0.053392  -2.956317  0.935847  0.009560  0.010440  -0.039802  217.889842  -5.935033
8164  170.853635  53.087536  -0.019656  -0.025700  -3.040714  130.838186  0.052400  -2.454330  0.915266  -0.000743  0.001387  -0.044662  217.847418  3.330232
8165  166.956734  52.411174  0.000610  0.015401  -3.020888  132.890987  -0.321844  14.221726  0.915004  0.011646  -0.009704  0.193203  217.869926  4.239736
8166  162.866267  52.289130  -0.003844  0.016356  -3.021562  133.252639  0.148548  -6.340767  0.918860  0.004261  -0.000166  -0.087272  217.945789  -18.770608
8167  159.395448  51.187688  0.000408  -0.119827  -2.964514  136.532003  0.332305  -14.860280  0.887000  -0.239122  0.018901  -0.195718  217.875093  -8.867164
8168  155.729195  50.477942  -0.006658  -0.025980  -2.932277  138.638781  -0.007525  0.439772  0.926904  0.057594  -0.019786  0.007286  217.857006  -0.044413
8169  127.372568  57.711924  -0.002130  -0.008439  -3.215466  116.366507  1.256894  -43.142098  0.861810  0.085416  -0.001804  -0.651112  217.791374  1.864821
8170  171.949167  55.237501  -0.004300  -0.003568  -3.113827  124.210905  0.314851  -11.788445  0.896596  -0.028880  0.010337  -0.170181  217.846343  -8.472206
8171  168.121121  54.483753  0.004213  -0.002349  -3.094096  126.559694  -0.306161  12.776181  0.899980  0.083972  -0.016691  0.175044  217.836248  -4.873048
8172  163.845907  54.502032  -0.031874  -0.241520  -3.093941  126.496784  -0.021917  1.084538  0.896148  -0.066069  -0.004551  0.001989  217.856028  0.506202
8173  159.478296  53.697495  0.015938  0.091983  -3.066497  128.978780  0.017178  -1.057127  0.908439  0.092752  0.016603  -0.023384  217.878184  -1.039117
8174  156.150016  52.452844  0.074593  0.251939  -3.017936  132.757536  0.021665  -0.489808  0.905662  -0.063086  0.008962  -0.010287  217.921626  -1.321229
8175  152.121653  51.596580  -0.006502  -0.000011  -2.977796  135.330617  0.245769  -11.401767  0.925697  0.004201  -0.003955  -0.161813  217.885894  4.851627
8176  173.509667  57.432865  0.035361  0.155104  -3.182431  117.266794  -0.102943  2.815598  0.860672  -0.001611  -0.003759  0.036635  217.871061  -5.130087
8177  168.598894  57.021911  -0.008453  -0.000199  -3.200747  118.583252  0.228672  -8.817945  0.868190  0.015040  0.008514  -0.142001  217.877358  14.702904
8178  164.529879  56.709068  -0.023854  -0.184487  -3.179739  119.602482  0.278373  -11.923879  0.876659  0.026823  -0.002384  -0.183811  217.863979  26.535922
8179  160.492471  55.864492  0.047186  0.168976  -3.129089  122.253729  -0.110251  4.275222  0.892248  -0.002731  0.005097  0.053152  217.864824  2.350389
8180  156.130992  54.911999  -0.000640  -0.003669  -3.101447  125.242065  -0.093549  3.599669  0.893947  -0.006999  -0.002259  0.042895  217.880373  -2.864962
8181  152.445317  53.785681  -0.022124  -0.136142  -3.072964  128.692191  0.100226  -3.847630  0.901547  0.024898  -0.003088  -0.072372  217.867370  -8.828852
8182  148.832434  52.679988  0.015393  0.004604  -3.001523  132.068107  -0.267268  11.319682  0.928081  0.014804  0.006701  0.153860  217.891857  10.790248
8183  170.564141  59.048670  0.006437  0.154962  -3.275897  112.041420  0.038540  0.443275  0.840196  -0.074475  0.019612  -0.000907  217.782505  -6.851262
8184  165.720360  59.090487  -0.013099  -0.008558  -3.244154  111.868234  0.129098  -5.017743  0.849061  0.021313  -0.003349  -0.090603  217.785290  30.379466
8185  161.503965  58.394544  0.017473  -0.018146  -3.229923  114.164381  -0.669082  23.825583  0.852532  0.043043  0.010143  0.344173  217.888277  41.315570
8186  156.534124  57.110821  0.018410  0.114222  -3.214415  118.303613  -0.012480  0.035468  0.920124  0.256218  0.012759  -0.006685  217.889326  -2.925781
8187  152.193158  56.277408  -0.030861  -0.089879  -3.104850  120.936485  0.193759  -6.311045  0.881881  -0.015395  -0.015440  -0.098589  217.868403  -14.849189
8188  148.786902  54.870365  0.008090  0.057505  -3.097424  125.348906  -0.116934  4.480215  0.919706  0.186376  -0.010759  0.047627  217.844555  2.582174
8189  157.004999  58.963391  -0.001670  0.029800  -3.227742  112.321221  -0.206499  9.347364  0.832178  -0.100309  0.016306  0.129060  217.827119  -25.607081
8190  151.877090  58.743535  -0.002999  -0.002469  -3.236162  113.035169  0.287378  -9.993318  0.838346  -0.063299  -0.031068  -0.186354  217.898423  13.019617
8191  147.519258  56.964836  0.016436  -0.043848  -3.205880  118.753452  0.342414  -13.133768  0.865553  0.009020  0.002030  -0.199349  217.847777  -1.933089
8192  143.549254  56.096825  -0.007882  0.005821  -3.132714  121.522247  0.684147  -26.189537  0.872204  0.138973  0.023253  -0.351067  217.802527  13.716471
8193  130.921118  58.932272  0.027774  0.366793  -3.256268  112.422938  -0.037782  3.453131  0.844280  -0.073130  -0.004642  0.039023  217.851251  -12.895760
8194  147.491053  58.929682  -0.011341  -0.061496  -3.208620  112.422060  0.212359  -7.831340  0.840792  -0.066878  -0.013644  -0.131463  217.811304  -3.623040
8195  142.976460  58.048333  -0.033091  -0.192701  -3.218642  115.275322  -0.086502  3.994397  0.859044  0.008452  -0.016316  0.040228  217.865051  -6.975580
8196  140.089078  56.330027  0.014108  0.137468  -3.116069  120.764079  0.216437  -9.491155  0.899979  0.052155  0.042300  -0.140682  217.896324  -0.016041
8197  135.282177  58.760023  -0.010198  -0.048395  -3.297193  112.977745  0.411887  -14.302477  0.830993  -0.088027  0.009050  -0.225159  217.861845  -33.188298
8198  139.296304  58.667040  -0.000030  -0.044453  -3.254748  113.269642  0.520543  -17.809361  0.816687  -0.191517  0.030965  -0.276856  217.895055  -7.987127
8199  208.012292  58.623919  0.018869  0.252673  -3.223714  113.418975  -0.183529  6.200085  0.878724  0.182282  -0.004626  0.120466  217.821082  9.082268
8203  208.500058  55.866750  -0.059975  -0.157364  -3.158147  122.190858  -0.289842  11.872157  0.880856  0.002990  -0.003609  0.164587  217.894963  -14.404421
8206  206.364352  54.073945  0.016243  -0.008449  -3.091592  127.833286  -0.567036  23.175812  0.851191  -0.303842  -0.022078  0.318543  217.918704  -12.383599
8207  200.077258  53.212856  -0.009534  -0.127018  -3.051972  130.451521  0.231043  -9.570303  0.904042  -0.039993  0.009123  -0.134326  217.846793  -3.781977
8208  203.694985  52.359939  0.007689  0.004098  -3.026745  133.044733  -0.293670  12.559882  0.924581  -0.043261  -0.000151  0.173470  217.857111  -6.989028
8209  207.346205  51.657039  0.001057  0.003905  -2.997758  135.165195  -0.707600  31.908596  0.911793  -0.024959  0.013188  0.427644  217.871115  -11.484935
8210  200.224433  50.886472  -0.040475  -0.150282  -2.965563  137.452359  0.230521  -8.796460  0.921192  0.051117  -0.008739  -0.111572  217.850197  -11.630414
8211  203.704553  50.456555  -0.006408  -0.069560  -2.988301  138.681090  0.162694  -8.198591  0.939886  0.088205  0.009076  -0.115135  217.829672  -1.415808
8218  196.465807  53.846798  -0.004594  -0.021978  -3.075846  128.519603  -0.045190  1.821431  0.893073  -0.059715  0.001570  0.022648  217.860913  -1.247247
8219  182.566528  52.882844  -0.036485  -0.205618  -3.037095  131.474528  0.157008  -5.014526  0.919825  -0.025439  -0.000374  -0.064548  217.853853  -17.130867
8220  186.144690  52.842063  0.012654  0.064612  -3.032401  131.587254  -0.051823  1.948488  0.910094  0.033591  -0.005483  -0.000044  217.832547  -9.907406
8222  193.685968  51.864877  0.002592  0.007539  -3.015272  134.533614  -0.099260  4.190686  0.955801  0.168794  0.009664  0.052586  217.853403  -29.187535
8223  197.100019  51.500569  -0.003101  -0.107954  -2.983557  135.616372  0.134650  -6.099091  0.933606  -0.089223  -0.011805  -0.086206  217.908254  0.610592
8224  177.428476  51.043776  0.015193  0.038288  -3.022743  136.970879  -0.275805  13.230844  0.919886  0.014022  0.008847  0.172284  217.856803  -11.716802
8225  180.910573  51.105891  0.032564  0.319812  -2.953005  136.803290  -0.256513  13.233924  0.922648  -0.000524  -0.002347  0.193918  217.812829  14.125439
8226  184.439387  50.428664  0.101560  0.303621  -2.922862  138.755902  -0.032540  -4.854129  0.908415  0.004883  0.015065  -0.051244  217.900503  -46.277142
8227  187.545725  50.783141  -0.029803  0.053991  -2.961552  137.789759  0.996769  -48.552594  0.960806  0.026574  0.042194  -0.682223  217.879735  33.056153
8228  179.162948  53.279669  0.005191  -0.035182  -3.054370  130.238885  0.197001  -7.993926  0.906590  -0.018809  -0.005396  -0.108759  217.859823  -6.016940
8229  180.882824  55.416831  0.004121  0.026120  -3.125107  123.660413  -0.244858  9.698016  0.958061  0.316270  0.017524  0.131726  217.937297  1.437825
8230  176.400796  55.445323  0.005629  -0.000528  -3.119226  123.559268  -0.091701  3.878768  0.867915  -0.188150  0.014496  0.067565  217.866592  11.770248
8234  178.446093  57.186983  0.001267  0.013732  -3.192588  118.049199  -0.204050  7.414725  0.872849  0.059710  0.002213  0.115333  217.900669  2.199363
8276  117.245571  43.947165  0.043845  0.200543  -2.616758  156.851359  -0.139534  6.957676  0.954836  0.016779  0.003818  0.084317  217.892069  -11.523678
8277  120.373423  43.871366  0.066748  0.293909  -2.492316  157.047100  -0.193329  11.284316  0.997697  0.139420  -0.031231  0.154761  217.854378  -28.156700
8278  123.365711  43.951304  -0.030188  -0.148239  -2.688406  156.837395  0.077343  -5.275947  0.954748  -0.076580  -0.001879  -0.063280  217.853122  -10.595028
8279  126.542403  43.924676  0.070051  0.360863  -2.615130  156.917908  -0.050146  6.381475  0.947440  -0.053052  0.036927  0.075725  217.829128  -16.409041
8280  129.551658  43.916274  0.006398  -0.033126  -2.602689  156.934777  0.115022  -7.575222  0.953577  -0.088872  -0.019455  -0.090813  217.859918  -18.217401
8281  132.851792  43.878799  -0.000719  -0.014426  -2.728473  157.019924  -0.455937  23.812233  0.951847  -0.093842  0.001394  0.273360  217.866113  -26.362600
8282  135.880859  43.865891  0.057482  0.325794  -2.481926  157.069646  -0.202881  12.451043  0.931401  -0.117076  0.018648  0.155188  217.874570  -29.143024
8283  138.939519  43.888609  0.056136  0.268353  -2.615871  157.001846  -0.060117  6.018578  0.940713  -0.079406  0.140735  0.065364  217.857473  -24.217762
8284  142.005677  43.895492  -0.045031  -0.174307  -2.523494  156.964114  -0.001556  1.010282  0.949455  -0.082675  0.030026  0.030205  217.858799  -22.733740
8285  145.070495  43.842292  -0.075670  -0.307631  -2.658718  157.085864  0.075971  -4.427582  0.943338  -0.094014  -0.001650  -0.056260  217.858526  -34.330771
8286  148.065259  43.917202  0.001317  0.000728  -2.668226  156.915863  0.349088  -21.136243  0.949623  -0.041342  -0.016452  -0.271427  217.878361  -17.999048
8287  151.311548  43.924881  0.034808  0.301863  -2.578311  156.888884  0.025333  1.617954  0.952214  -0.086056  0.019674  -0.012374  217.839250  -16.339543
8288  154.529614  43.816780  -0.009106  -0.008269  -2.680884  157.185426  -0.347473  20.377153  0.944096  -0.103158  0.023638  0.244563  217.869449  -39.857759
8290  115.714937  41.520308  -0.017713  -0.026581  -2.561952  163.137743  0.216326  -13.865643  0.939218  -0.047267  -0.026199  -0.140886  217.894407  -12.975108
8291  118.902762  41.589346  -0.041715  -0.135889  -2.574845  162.911564  -0.033859  0.588217  0.942828  -0.042372  -0.009868  0.001176  217.886895  2.053025
8292  121.941540  41.577338  0.012470  0.126180  -2.502157  162.942203  0.108623  -9.611130  0.935735  0.038576  -0.027442  -0.122877  217.845992  -0.577687
8293  125.124951  41.603605  0.060176  0.213718  -2.541305  162.894398  -0.105373  3.891182  0.941185  0.066390  0.024274  0.012978  217.849032  5.124880
8294  128.188808  41.588654  -0.018533  -0.095664  -2.499142  162.928605  0.002052  -1.749676  0.935550  0.056812  0.007995  -0.054676  217.854293  1.877883
8295  131.349051  41.648406  0.088619  0.311212  -2.555193  162.779622  -0.143535  7.731411  1.006482  0.311409  0.092782  0.115349  217.858611  14.694300
8296  134.296901  41.631837  -0.054901  -0.256730  -2.464346  162.818545  0.261378  -16.601106  0.935373  0.101685  -0.161264  -0.199287  217.872487  11.231010
8297  137.569899  41.592289  0.020777  0.137077  -2.432979  162.919286  -0.217066  11.312594  0.943236  0.046092  -0.000486  0.129372  217.844227  2.663538
8298  140.687766  41.568030  0.050318  0.201206  -2.532042  163.023971  -0.265410  14.140596  0.938307  0.076756  0.076189  0.138452  217.848562  -2.639373
8299  143.657766  41.558134  0.089658  0.337298  -2.507782  162.981392  0.035192  -7.141422  0.947905  0.056248  -0.070535  -0.074873  217.846282  -4.793690
8300  146.793214  41.648039  -0.028291  -0.109299  -2.578179  162.775244  0.027267  -1.032377  0.950439  0.063281  0.030453  0.015670  217.813412  14.807182
8301  149.832521  41.542967  -0.033486  -0.083773  -2.463619  163.073904  0.160062  -10.920958  0.937555  0.039588  0.000764  -0.116719  217.836682  -8.069686
8302  152.969969  41.544556  0.053413  0.233357  -2.475338  163.023548  0.004241  -5.072842  0.943128  0.015692  -0.051796  -0.048129  217.847949  -7.713370
8306  115.238964  45.996695  0.006337  -0.015330  -2.746681  151.334611  0.165598  -9.247009  0.865206  -0.233690  -0.035452  -0.122291  217.861191  -0.469081
8308  118.085468  50.258484  -0.013074  0.060025  -2.935914  139.250809  -0.243258  11.881973  0.925277  -0.001044  0.000531  0.145073  217.866618  -9.028301
8355  34.925401  -4.640439  0.060763  0.065931  0.368630  217.133756  0.021217  -16.255421  -0.151555  -0.161592  0.155870  0.019170  217.751230  -30.559617
8356  37.078697  -4.749362  -0.156782  -0.167249  0.089686  217.122768  0.011629  17.228350  -0.176832  -0.035215  -0.050797  -0.044203  217.869522  -54.288375
8358  160.625262  43.922305  0.049314  0.232506  -2.735985  156.931842  -0.026554  3.801713  0.945155  -0.094877  -0.020543  0.081368  217.840813  -16.885344
8359  163.783965  43.910297  0.008672  0.079594  -2.766960  156.954033  -0.233384  13.116590  0.950123  -0.089291  0.047816  0.137826  217.854403  -19.510640
8360  166.757767  43.848141  -0.044128  -0.138973  -2.790089  157.127052  0.109349  -6.525595  0.960773  -0.119068  0.007337  -0.087132  217.875039  -33.027668
8365  162.377308  41.675629  0.092260  0.296074  -2.547813  162.746186  -0.197398  12.326664  0.943041  0.143729  0.096932  0.167165  217.916352  20.746205
8366  165.454109  41.587727  0.053024  0.229062  -2.484178  162.982106  -0.165559  8.674922  0.934758  0.030440  0.087031  0.100646  217.840241  1.688088
8367  168.619490  41.661260  0.034256  0.093173  -2.411461  162.766305  -0.290654  19.378987  1.011584  0.409110  -0.028176  0.228946  217.863314  17.453129
8368  171.544523  41.617524  -0.059746  -0.165213  -2.572961  162.866417  0.160218  -8.924355  0.931005  0.079477  -0.115522  -0.104113  217.853249  8.137530
8369  174.722290  41.588374  -0.079451  -0.377721  -2.510187  162.952797  0.020741  3.902561  0.939724  0.082209  0.126836  0.060668  217.835271  1.795654
8370  176.100216  43.817055  0.024238  0.261640  -2.687336  157.195295  -0.006690  -0.122610  0.891920  -0.529573  0.054758  -0.011373  217.909712  -39.559150
8375  191.600934  43.936156  0.017903  0.102759  -2.617826  156.888584  0.018675  0.077519  0.943688  -0.087075  0.004153  0.006509  217.830892  -13.880694
8380  207.325558  43.894707  0.085245  0.431519  -2.802097  157.055346  -0.692138  35.109364  0.919302  -0.285323  0.082646  0.363146  217.848949  -22.741082
8381  177.825882  41.704977  0.077022  0.278166  -2.374498  162.661448  -0.042823  4.010474  0.932661  -0.002508  -0.034752  0.056429  217.851020  27.240322
8382  180.921268  41.673119  -0.050239  -0.290480  -2.643229  162.727482  -0.072432  3.643919  1.022855  0.452354  -0.006018  0.059163  217.869681  19.988298
8383  183.983239  41.598278  0.035924  0.217838  -2.496864  162.916022  0.010354  -2.868813  0.939116  0.046984  -0.074698  -0.030963  217.837993  3.969620
8384  187.107853  41.616366  0.029388  0.105978  -2.499747  162.877876  -0.035367  1.197898  0.943561  0.046359  0.041417  -0.009674  217.841078  7.900445
8385  190.190576  41.581822  0.051617  0.191066  -2.585081  162.956509  -0.033017  -1.683194  0.943681  0.060681  0.039273  -0.020025  217.838162  0.379208
8386  193.309269  41.612658  0.000521  -0.007917  -2.475303  162.889642  -0.010268  1.513127  0.944599  0.056527  0.027701  0.021578  217.844933  7.099188
8387  196.275837  41.588631  -0.006592  -0.055161  -2.522214  162.919070  0.318604  -20.179131  0.930789  0.050759  -0.060167  -0.234814  217.850537  1.890655
8388  198.803151  41.723019  -0.075668  -0.300799  -2.499076  162.614492  0.168819  -12.260436  0.953499  0.161813  -0.081566  -0.134521  217.886691  31.070423
8389  201.411938  41.605165  -0.000416  -0.007369  -2.487168  162.932134  -0.131221  8.463597  0.943830  0.090808  0.007686  0.096456  217.856999  5.442925
8390  203.821549  41.548492  -0.052427  -0.276760  -2.569342  163.064806  0.153548  -2.821657  0.943584  0.067148  -0.007399  -0.050046  217.828063  -6.868342
8391  206.223494  41.589255  -0.013631  -0.168430  -2.646307  162.964542  0.282546  -15.631223  0.951047  0.073603  -0.074239  -0.199250  217.843806  1.989792
8392  208.724025  41.610913  -0.031732  0.001232  -2.494111  162.865113  0.206203  -12.368948  0.986039  0.007895  -0.024501  -0.103631  217.855659  6.717107
8397  227.089766  50.782588  0.067766  0.151547  -2.928115  137.752794  -0.188097  6.827993  0.948689  -0.009480  -0.000877  0.102681  217.857859  -10.394165
8401  223.286424  50.652856  -0.043988  -0.092636  -2.956925  138.133261  -0.000221  0.097127  0.940788  0.045009  -0.000007  -0.005423  217.867043  -7.312824
8404  219.575811  50.469229  -0.045183  -0.240564  -2.949932  138.680830  0.222573  -10.877166  0.940811  -0.012862  -0.010453  -0.154224  217.894256  0.958131
8406  216.251307  50.224582  0.035258  0.161451  -2.908902  139.386079  -0.007821  -0.912543  0.978653  0.210388  0.031280  -0.023545  217.862748  -12.493856
8410  238.088994  50.749350  0.068967  0.203650  -2.949860  137.842796  -0.033998  2.015976  0.926635  0.001454  0.008479  0.019787  217.854333  4.485648
8430  232.282947  48.770060  0.035745  0.094661  -2.790888  143.579409  -0.030973  1.458268  0.972177  0.141533  -0.000754  0.021471  217.834882  -6.515224
8431  228.587991  48.758256  0.002468  -0.075505  -2.901776  143.597372  0.304638  -14.931875  0.954522  0.018210  0.001244  -0.201808  217.864659  -3.278567
8433  221.536457  48.500012  0.002932  -0.020974  -2.856685  144.372238  0.140082  -6.925030  0.988946  0.090014  -0.013830  -0.075617  217.864449  -5.990908
8434  217.936527  48.194255  -0.022413  -0.053217  -2.930700  145.228466  0.262152  -13.454007  0.950257  -0.031441  -0.010092  -0.168558  217.857590  -17.797145
8435  212.180356  49.758906  -0.027259  -0.015099  -3.033654  140.751834  0.987029  -44.719328  0.939433  0.008026  -0.021804  -0.576992  217.896124  -7.205235
8489  223.286723  46.402410  -0.031263  -0.035065  -2.712717  150.237714  0.112926  -6.980405  0.935879  -0.131966  0.070023  -0.078394  217.871142  -3.102784
8490  224.859816  44.494511  -0.021405  -0.052995  -2.742450  155.388565  0.143887  -7.897754  0.930102  -0.059693  -0.071153  -0.047304  217.891812  -0.706345
8491  219.819094  46.347282  -0.021830  -0.018274  -2.829572  150.394580  0.396275  -20.894434  0.942421  0.007026  -0.021677  -0.248352  217.868709  -14.965634
8494  224.887230  40.077936  -0.027753  -0.074772  -2.452651  166.713989  0.153903  -10.584487  1.018116  0.236975  0.132548  -0.123774  217.887868  0.969433
8495  216.609199  45.930544  -0.019969  -0.026578  -2.806648  151.538649  0.363663  -19.325907  0.899266  0.057311  -0.050436  -0.287544  217.839046  -10.631630
8498  222.049350  40.071029  -0.029519  -0.038930  -2.467973  166.699657  0.321807  -21.552056  0.981065  0.167418  -0.130225  -0.244195  217.856266  -9.585417
8499  211.521406  47.359866  0.023280  -0.000833  -2.820168  147.558955  0.146362  -7.697846  0.983853  0.070762  0.007211  -0.110703  217.882042  -12.360435
8500  213.607187  45.510864  0.028031  0.185130  -2.840061  152.666959  -0.219009  11.841340  0.946978  -0.025729  -0.009616  0.148534  217.873248  -16.043853
8501  215.336985  43.615609  -0.022873  -0.039089  -2.647066  157.759174  0.330030  -19.505480  0.961860  -0.063040  -0.081180  -0.228019  217.889674  -15.478937
8502  217.524297  41.825780  -0.101118  -0.279362  -2.569529  162.370259  0.045690  -5.185352  0.945595  -0.022739  0.012916  -0.051020  217.872383  0.351573
8503  212.140177  43.387263  -0.035681  -0.007387  -2.551768  158.343727  0.544334  -33.440504  0.947494  -0.031868  -0.090467  -0.370893  217.878685  9.018880
8504  214.356638  41.383745  0.052500  0.174168  -2.408568  163.467240  -0.124343  8.016409  0.884770  -0.214558  0.048831  0.072665  217.980683  -7.883745
8729  42.118495  4.003670  -0.073834  -0.105948  -0.417688  217.409050  0.162785  -48.883635  0.244049  -0.126721  -0.166999  -0.134437  217.830460  -13.808521
8731  37.898060  4.068958  -0.026045  -0.326994  -0.283669  217.326181  0.013296  3.853417  0.133861  0.030458  0.147264  -0.012232  217.831386  -8.369267
8732  35.604651  4.136822  -0.154684  0.053530  -0.093175  217.325235  -0.011970  -10.731401  0.306399  -0.050567  -0.080087  -0.050484  217.926709  -18.720167
8736  31.073172  4.080366  0.155349  0.390872  -0.224146  217.315214  -0.092237  -15.911733  0.194219  -0.048986  -0.066507  -0.066632  217.901924  2.040090
8738  28.661549  4.049693  -0.062629  -0.113085  -0.248501  217.339912  -0.010739  -3.363170  0.234781  0.005326  0.081708  -0.024746  217.885593  -1.153080
8740  0.371942  5.819333  -0.023686  -0.164039  -0.341456  216.691609  -0.069873  0.059189  0.191835  -0.023382  -0.132957  -0.022016  217.867410  4.160566
8741  -1.016349  3.980805  0.033431  -0.172232  -0.153011  217.366237  0.141339  -1.236254  0.135276  0.035561  -0.063467  -0.013164  217.880308  -4.766251
8742  -1.993952  5.650269  0.000113  0.012741  -0.445994  216.802677  -0.009186  3.669112  -0.015925  -0.281830  0.288553  -0.020432  217.881245  -6.874153
8745  4.271448  3.903504  0.199078  0.129409  -0.431691  217.335619  -0.010596  3.280449  0.106346  0.074111  -0.026332  -0.017538  217.832040  -12.180240
8747  6.757136  3.983575  0.079175  0.083918  -0.159685  217.346543  -0.020947  -4.100704  0.148018  0.095181  -0.197023  -0.037978  217.853195  4.098558
8753  14.420424  4.140140  0.249871  0.121419  -0.254596  217.276516  -0.024716  9.182436  0.108333  -0.256255  0.120634  -0.002069  217.827624  18.765380
8763  -11.141398  0.003791  0.115768  -0.027167  -0.027022  217.739757  0.031720  0.342164  -0.265683  -0.477445  -0.072507  0.060760  217.636925  1.126744
8764  -9.463974  -0.008759  0.018958  0.411503  -0.129994  217.898623  0.002018  -7.738672  -0.010837  -0.016022  0.000685  0.027597  217.811552  -1.865278
8765  -7.673195  -0.012538  0.091038  0.417255  -0.055814  217.879942  -0.047808  8.714185  -0.011168  0.034768  0.169737  -0.003355  217.722013  -2.697249
8766  -5.988082  -0.078767  0.112171  -0.081269  0.080827  217.843211  -0.092587  2.568233  -0.012324  -0.024365  0.058334  -0.003898  217.800019  -17.113544
8767  -4.289129  -0.076322  -0.186274  -0.524433  -0.169756  217.888538  0.095329  -0.374796  -0.092727  0.022261  0.252980  -0.014215  217.814841  -16.537116
8768  -2.530173  -0.018360  0.096284  0.060083  -0.165066  217.929483  0.040984  8.834896  0.190439  0.744961  0.357610  0.001101  217.679212  -4.330806
8769  -0.939673  0.037000  -0.091402  0.032425  -0.015338  217.760466  0.069408  -17.974350  -0.210788  -0.315024  -0.027598  -0.106224  217.774308  8.275174
8788  15.495601  0.011234  0.033702  0.232257  0.005901  217.897420  -0.009948  -1.085334  0.013357  0.036899  0.159809  -0.039927  217.852856  2.424756
8789  17.816468  0.063888  0.010779  0.128817  -0.038312  217.868154  0.018638  19.846004  -0.106710  -0.135855  0.286197  -0.027951  217.914682  14.060262
8790  19.932899  -0.000402  -0.033779  0.070617  0.029411  217.890533  -0.003109  -3.726002  -0.114799  -0.247369  -0.075771  -0.057718  217.814993  0.106613
8791  22.225587  0.056315  0.066699  0.182601  -0.041718  217.884006  0.024841  10.885612  -0.035172  -0.096030  0.189352  -0.031750  217.868255  12.342018
8792  24.528755  -0.065373  -0.090184  -0.231699  -0.203049  217.876729  0.010682  28.231223  0.011290  0.140652  0.177632  -0.037629  217.853217  -14.326229
8793  26.689615  -0.019190  -0.198305  -0.088991  0.034365  217.886570  0.012062  14.255240  0.268995  0.258532  0.090821  -0.005748  217.838528  -4.474942
8819  168.821851  39.244158  -0.139603  -0.288022  -2.357113  168.748015  0.107854  -8.529185  0.935027  -0.005927  0.072820  -0.101457  217.889637  6.999833
8820  165.032366  39.505584  -0.039341  -0.218749  -2.486797  168.113642  0.005498  -3.089478  0.939130  -0.018838  0.024286  -0.004597  217.854570  4.805869
8823  148.539576  38.964881  -0.005990  0.006580  -2.357150  169.391937  -0.214158  15.809076  0.871383  -0.108837  -0.002761  0.189123  217.879388  20.679174
8825  151.580938  38.673928  0.132281  0.252418  -2.326538  170.052440  0.175592  -19.822322  0.923871  -0.001999  -0.028212  -0.197881  217.901402  -20.530073
8826  154.076732  39.545617  -0.046081  -0.273457  -2.432625  167.990534  -0.183337  6.625343  0.944900  -0.062908  0.040606  0.068828  217.852726  9.802901
8827  127.194574  39.395415  -0.027888  -0.103105  -2.567051  168.364720  0.220396  -15.719345  0.932186  -0.042412  -0.020486  -0.193839  217.866071  1.210283
8828  130.242581  39.432647  0.076832  0.254945  -2.483310  168.264407  0.108753  -5.578660  0.935612  -0.061430  -0.068694  -0.027287  217.885812  -9.778536
8829  133.126584  39.414271  0.027117  0.102563  -2.281187  168.322067  0.061973  -5.271161  0.913126  -0.068962  0.073160  -0.077374  217.962333  -8.386446
8830  136.085683  39.370904  -0.015388  -0.041591  -2.336806  168.432594  0.093442  -6.879866  1.001664  0.212724  0.061916  -0.078353  217.852323  -14.483935
8831  139.243374  39.408163  -0.013316  -0.126717  -2.308039  168.332286  0.051230  -3.758518  0.935760  -0.052529  0.000774  -0.059904  217.875775  -7.156069
8832  142.569108  39.419307  0.031026  0.027726  -2.499222  168.305105  -0.349739  23.115935  0.943102  0.012704  0.106377  0.255657  217.853674  -5.286569
8834  185.541411  39.181034  -0.122929  -0.224552  -2.451434  168.930437  0.513023  -35.051617  0.987668  0.126908  -0.108385  -0.398942  217.919278  14.509394
8835  188.234987  39.377230  -0.007585  -0.055638  -2.456982  168.420507  0.074235  -5.456448  0.943797  -0.010590  -0.012886  -0.070430  217.880099  14.244503
8836  190.926671  39.415279  0.071850  0.178583  -2.425589  168.321470  -0.052366  5.989446  0.906246  -0.082290  0.108112  0.055943  217.833912  19.830804
8840  182.610241  39.016654  0.115414  0.252215  -2.431728  169.275090  -0.079380  2.798769  0.906818  -0.012096  0.138381  -0.024833  217.817193  5.527595
8841  180.079333  39.239427  0.046427  0.058440  -2.477217  168.763368  0.062557  -4.271199  1.026572  0.190327  0.030221  -0.074081  217.861280  -4.253984
8842  176.885092  39.351584  0.091827  0.232397  -2.323238  168.489729  -0.008066  4.771333  0.934474  -0.000678  0.037040  0.044053  217.890418  20.964049
8843  174.468496  39.223188  0.048533  0.088605  -2.474930  168.808397  0.085868  -5.277917  0.903275  -0.066524  0.093066  -0.065964  217.877770  5.418837
8844  171.623753  39.161279  -0.134012  -0.245958  -2.273377  168.937397  -0.040764  4.263799  0.865685  -0.135350  0.054669  0.042452  217.889960  -3.501504
8846  204.607225  39.366255  0.030733  0.126779  -2.310476  168.434844  0.093604  -7.115369  0.927789  -0.092213  -0.030313  -0.055360  217.880240  -9.129225
8847  206.837256  39.627576  -0.036536  -0.146120  -2.434802  167.826542  0.322818  -25.984953  0.937310  -0.041981  -0.098539  -0.307604  217.873538  14.435674
8849  169.678853  36.631777  0.060433  0.123574  -2.333493  174.843399  0.019556  -0.823428  0.961794  0.091379  0.002471  -0.034318  217.870854  1.767692
8851  161.560447  36.698104  0.083103  0.131484  -2.381618  174.647118  0.077201  -4.736143  0.846764  -0.088921  0.123089  -0.096062  217.883057  5.518060
8852  147.574053  36.710920  -0.082543  -0.193253  -2.295606  174.676104  0.046578  -3.513411  0.800708  -0.196418  -0.122494  -0.034925  217.889441  2.495684
8853  158.207584  37.107687  -0.007146  -0.017022  -2.320763  173.744163  0.174331  -12.881525  0.928223  0.051699  0.075830  -0.136051  217.880974  0.965554
8854  150.465912  36.650853  0.054076  0.104168  -2.275647  174.784208  0.274641  -19.990884  0.880235  -0.082967  -0.163125  -0.192791  217.877299  2.662674
8856  153.123685  36.050243  -0.000038  -0.018501  -2.274065  176.136186  0.194678  -15.225995  0.866784  -0.124015  -0.016790  -0.124205  217.863935  -9.951331
8857  125.916582  37.242843  0.030243  0.067365  -2.390195  173.439835  -0.023319  1.870142  0.904626  -0.025469  0.116276  -0.026727  217.888325  13.377489
8858  128.897577  37.206238  0.077091  0.161010  -2.219475  173.523859  -0.060493  4.073106  1.011332  0.193114  -0.020297  0.034004  217.823223  -6.803826
8859  131.814727  37.220762  0.016209  0.025526  -2.225312  173.476855  0.098734  -7.706696  0.909758  -0.003495  -0.039596  -0.078631  217.909621  -8.834483
8860  134.688296  37.271173  -0.041159  -0.128199  -2.192720  173.391183  0.041787  -2.589679  0.916648  -0.006884  -0.027215  -0.032617  217.899025  -0.669585
8861  137.788228  37.358212  -0.065652  -0.142857  -2.397970  173.160335  0.060843  -3.716802  0.905604  0.002232  0.045342  -0.057209  217.896884  -9.240285
8862  141.115890  37.259345  0.037433  0.082752  -2.206836  173.398479  -0.024774  1.123246  0.922692  0.023606  0.012523  0.017714  217.889592  -5.410078
8864  180.498698  36.859028  -0.015515  -0.020430  -2.232173  174.320711  0.085470  -6.328525  0.865307  -0.090285  -0.013901  -0.066851  217.817487  7.213094
8865  183.713355  36.995931  0.029699  0.057181  -2.429142  173.989145  0.098644  -6.389949  0.891673  -0.033870  -0.163314  -0.133230  217.904862  11.158814
8866  185.989311  36.609537  -0.044144  -0.109063  -2.078966  174.888991  -0.050116  4.603838  0.810440  -0.221027  0.094177  0.026627  217.882737  16.484666
8867  188.755477  37.024454  0.074895  0.216407  -2.124157  173.952945  -0.156510  12.465632  0.884566  -0.059214  0.075879  0.161367  217.889897  -0.546697
8869  193.804226  36.367229  0.047007  0.051248  -2.159435  175.455488  -0.382507  29.298675  0.934946  -0.088253  0.199382  0.258481  217.887817  7.970190
8871  198.379127  36.080442  -0.076762  -0.163944  -2.300008  176.096789  0.061239  -4.233436  0.943697  0.062312  0.123805  -0.084626  217.858410  2.384902
8872  177.956413  37.029762  0.087985  0.228350  -2.324281  173.939830  -0.150785  10.021697  1.012694  0.223917  -0.013542  0.102833  217.867981  -11.152666
8873  175.205485  36.437110  0.034881  0.056229  -2.293854  175.313814  0.156561  -11.645708  0.951924  0.076477  -0.002510  -0.138725  217.935979  -6.068744
8874  172.536329  37.319849  -0.024285  -0.040725  -2.137461  173.278477  -0.080649  7.455941  0.938694  0.048456  0.038176  0.058052  217.907175  4.798644
8954  115.955136  20.590573  0.129168  0.141185  -1.328905  203.946273  0.043625  -9.317619  0.748737  0.167263  -0.086961  -0.066068  217.908402  -2.243984
8955  116.006685  20.627228  0.244076  0.259153  -1.428097  203.841283  -0.001949  1.067170  0.787502  0.137901  -0.027204  -0.018480  217.942104  5.732194
8956  157.977304  25.156669  0.023946  0.045646  -1.485749  197.212908  0.028906  -4.533502  0.580885  -0.215443  -0.067169  -0.007497  217.881921  1.708265
8957  158.022563  25.138339  -0.038996  -0.033283  -1.611423  197.194825  -0.040379  4.471519  0.931857  0.241632  0.056801  0.045141  217.957827  -2.858224
8958  158.027596  25.134265  -0.006316  -0.010427  -1.680228  197.270053  -0.053701  5.446326  0.761230  -0.055958  -0.120632  0.040929  217.837388  -3.415306
9003  157.977334  25.157670  0.031717  0.060680  -1.496958  197.205791  0.030130  -4.532745  0.548966  -0.257581  -0.084284  -0.010521  217.896661  1.980580
10000  29.782896  27.248019  0.103988  0.182828  -1.608728  193.593834  0.038752  -5.941400  0.835068  0.128016  -0.026718  -0.060255  217.913071  -0.001378
