# Cosmological parameters
# z 0.698
# name challenge
# H0 67.6
# Omega_k 0.0
# Omega_b 0.048142572038794164
# Omega_c 0.26044573456811737
# Omega_m 0.31000006214536036
# Omega_de 0.6899208700952628
# Omega_nu 0.0014117555384487999
# N_eff 3.0460000000000003
# mass_neutrinos 0.06
# n_s 0.97
# A_s 2.0406217009089533e-09
# H_z 100.45460166117748
# D_A 1517.5344595980187
# D_M 2576.7735123974358
# D_H 2984.357640590399
# D_V 2400.414611059186
# r_drag 147.7846253725727
# DM_rd 17.436005307732493
# DH_rd 20.193965597345997
# DV_rd 16.242654504875702
# sigma8 0.559387924199009
# fsigma_8 0.45618676272046316
# f 0.8155105660775209
# 
# k[h/Mpc]  P_lin(k)
1.05e-05    22.279622738676753
1.0582751204153106e-05    22.449921474268486
1.0666154576095624e-05    22.62152192201174
1.0750215255605631e-05    22.79443403171563
1.0834938422968154e-05    22.968667829240573
1.092032929929438e-05    23.14423341708004
1.1006393146843435e-05    23.32114097494511
1.1093135269346655e-05    23.49940076035625
1.118056101233444e-05    23.679023109237086
1.1268675763465675e-05    23.86001843651339
1.1357484952859742e-05    24.042397236717775
1.1446994053431166e-05    24.226170084597623
1.153720858122687e-05    24.411347635687186
1.1628134095766115e-05    24.597940624752262
1.1719776200383111e-05    24.785959865243065
1.1812140542572315e-05    24.97541625286284
1.1905232814336468e-05    25.166320766458757
1.1999058752537366e-05    25.358684468656538
1.2093624139249399e-05    25.552518506497456
1.2188934802115873e-05    25.747834112082042
1.2284996614708141e-05    25.944642603217954
1.2381815496887565e-05    26.14295538407303
1.247939741517033e-05    26.342783945832924
1.2577748383095143e-05    26.544139867363914
1.2676874461593802e-05    26.74703481588101
1.2776781759364725e-05    26.95148054834095
1.287747643324938e-05    27.15748891839198
1.2978964688611728e-05    27.36507187421628
1.3081252779720611e-05    27.5742414554699
1.3184347010135188e-05    27.785009793941633
1.328825373309339e-05    27.9973891142593
1.3392979351903437e-05    28.211391734600912
1.3498530320338459e-05    28.427030067411412
1.3604913143034196e-05    28.64431662012484
1.3712134375889864e-05    28.86326399589252
1.3820200626472158e-05    29.083884894316295
1.3929118554422455e-05    29.306192112187407
1.4038894871867203e-05    29.530198544230956
1.4149536343831574e-05    29.755917182673528
1.4261049788656358e-05    29.98336111552727
1.4373442078418141e-05    30.212543530170535
1.4486720139352811e-05    30.443477714780958
1.4600890952282385e-05    30.67617705910562
1.4715961553045204e-05    30.91065505523858
1.483193903292952e-05    31.14692529840195
1.494883053911051e-05    31.385001487734904
1.5066643275090714e-05    31.624897427087895
1.5185384501143958e-05    31.86662702582261
1.5305061534762776e-05    32.11020429961905
1.542568175110935e-05    32.35564337128782
1.554725258347001e-05    32.60295847161489
1.566978152371331e-05    32.85216394086265
1.579327612275173e-05    33.10327422969827
1.591774399100699e-05    33.356303899318455
1.6043192798879057e-05    33.61126762225698
1.616963027721884e-05    33.86818018323584
1.6297064217804594e-05    34.12705648002355
1.6425502473822102e-05    34.38791152429971
1.6554952960348637e-05    34.65076044252619
1.6685423654840725e-05    34.915618476825436
1.6816922597625754e-05    35.182500985864515
1.6949457892397484e-05    35.451423445747196
1.708303770671541e-05    35.722401450911846
1.7217670272508142e-05    35.99545071320999
1.735336388658064e-05    36.27058705246296
1.749012691112555e-05    36.547826404193515
1.7627967774238534e-05    36.827184825319314
1.7766894970437622e-05    37.10867849509109
1.7906917061186715e-05    37.392323716019014
1.8048042675423193e-05    37.67813691481045
1.8190280510089664e-05    37.966134643311975
1.8333639330669926e-05    38.256333579459906
1.8478127971729135e-05    38.54875052823854
1.862375533745826e-05    38.84340242264269
1.877053040222279e-05    39.14030632465142
1.891846221111578e-05    39.439479426266054
1.9067559880515297e-05    39.74093906190171
1.9217832598646165e-05    40.04470272346381
1.9369289626146244e-05    40.35078804027816
1.952194029663709e-05    40.65921277687895
1.9675794017299166e-05    40.969994834048286
1.9830860269451546e-05    41.28315224986479
1.9987148609136224e-05    41.59870320076075
2.0144668667707002e-05    41.91666600258763
2.0303430152423015e-05    42.237059111688225
2.046344284704697e-05    42.55990112597848
2.0624716612448056e-05    42.88521078603778
2.0787261387209646e-05    43.213006976206785
2.095108718824174e-05    43.54330872441721
2.1116204111398287e-05    43.876135183667095
2.1282622332099337e-05    44.21150563630887
2.1450352105958102e-05    44.54943951122554
2.1619403769412976e-05    44.88995638543015
2.1789787740364513e-05    45.23307598519334
2.1961514518817446e-05    45.57881818717569
2.2134594687527743e-05    45.92720301957489
2.2309038912654782e-05    46.2782506632748
2.2484857944418657e-05    46.63198145300884
2.2662062617762677e-05    46.98841587852895
2.2840663853021055e-05    47.34757458578356
2.3020672656591902e-05    47.70947837810618
2.320210012161547e-05    48.074148219357376
2.3384957428657818e-05    48.441605242309805
2.356925584639978e-05    48.81187074371495
2.3755006732331424e-05    49.18496618297566
2.3942221533451955e-05    49.560913183386376
2.413091178697516e-05    49.93973353338543
2.4321089121040354e-05    50.32144918781377
2.4512765255429037e-05    50.706082269186844
2.470595200228706e-05    51.093655068972076
2.4900661266852594e-05    51.484190048880095
2.5096905048189806e-05    51.87770984216384
2.5294695439928272e-05    52.27423725492632
2.5494044631008287e-05    52.67379526752838
2.5694964906432002e-05    53.07640704148608
2.5897468648020486e-05    53.48209592439353
2.6101568335176775e-05    53.890885443305216
2.630727654565492e-05    54.30279930531122
2.651460595633509e-05    54.717861398920256
2.6723569344004787e-05    55.13609579544883
2.6934179586146267e-05    55.55752675042073
2.714644966173004e-05    55.98217870498038
2.7360392652014793e-05    56.41007628731406
2.7576021741353463e-05    56.841244314083596
2.7793350218005773e-05    57.27570779187106
2.801239147495711e-05    57.71349191863357
2.8233159010743865e-05    58.154622083805634
2.8455666430285313e-05    58.59912385667117
2.867992744572201e-05    59.047022993153654
2.8905955877260796e-05    59.498345445608926
2.9133765654026495e-05    59.95311736443922
2.936337081492032e-05    60.41136509959948
2.9594785509484977e-05    60.87311520212006
2.9828023998776676e-05    61.3383944256374
3.0063100656243963e-05    61.80722972793841
3.0300029968613516e-05    62.279648272515416
3.0538826536782855e-05    62.75567743013405
3.077950507672015e-05    63.235344780411594
3.102208042037113e-05    63.718678113408934
3.1266567516573064e-05    64.20570543240115
3.1512981431976e-05    64.6964549582113
3.1761337351971285e-05    65.19095512790001
3.201165058162735e-05    65.68923459563845
3.22639365466329e-05    66.19132223436519
3.25182107942475e-05    66.69724713745426
3.277448899425974e-05    67.20703862039609
3.303278693995286e-05    67.72072622249478
3.329312054907802e-05    68.2383397085696
3.355550586483523e-05    68.75990907068045
3.381995905686207e-05    69.28546452985879
3.408649642223008e-05    69.81503653785207
3.435513438644914e-05    70.3486557786897
3.4625889504479664e-05    70.88635316442706
3.489877846175283e-05    71.42815983561017
3.517381807519878e-05    71.97410716977507
3.5451025294283076e-05    72.52422678366374
3.5730417202051096e-05    73.07855053504468
3.601201101618086e-05    73.63711052454107
3.62958240900441e-05    74.19993909748376
3.658187391377558e-05    74.76706884576832
3.687017811535101e-05    75.33853260973251
3.7160754461673376e-05    75.91436348004306
3.7453620859667804e-05    76.49459479959997
3.774879535738509e-05    77.07926016545719
3.8046296145113926e-05    77.66839343563
3.834614155650192e-05    78.26202876142425
3.864835006968536e-05    78.86020057075248
3.8952940308427946e-05    79.4629435552792
3.9259931043268576e-05    80.07029267238595
3.956934119267795e-05    80.68228314720976
3.988118982422455e-05    81.29895047470077
4.019549615574962e-05    81.92033042169255
4.051227955655151e-05    82.54645902899132
4.083155954857932e-05    83.17737261347733
4.115335580763591e-05    83.8131077702275
4.14776881645905e-05    84.45370137465069
4.180457660660069e-05    85.09919058454608
4.2134041278344214e-05    85.74961281724036
4.246610248326038e-05    86.40500571678915
4.2800780684801246e-05    87.06540720513803
4.3138096507692706e-05    87.73085549258327
4.3478070739205515e-05    88.40138907995605
4.3820724330436305e-05    89.0770467608186
4.4166078397598685e-05    89.75786762367888
4.4514154223324576e-05    90.44389105422341
4.486497325797574e-05    91.13515673756334
4.521855712096569e-05    91.83170466050072
4.557492760209197e-05    92.53357511380918
4.5934106662879e-05    93.2408086945339
4.629611643793143e-05    93.95344631103887
4.666097923629822e-05    94.67152923235703
4.7028717542847436e-05    95.39509908582613
4.739935401965192e-05    96.12419781883978
4.777291150738579e-05    96.85886769988183
4.8149413026732074e-05    97.59915132098972
4.852888177980136e-05    98.34509160023553
4.891134115156158e-05    99.09673178422683
4.9296814711279224e-05    99.85411545062757
4.9685326213971684e-05    100.61728651069623
5.007689960187132e-05    101.38628921184781
5.0471559005900764e-05    102.16116814022543
5.086932874716008e-05    102.94196822330692
5.127023333842559e-05    103.72873471593739
5.167429748566041e-05    104.52151313555862
5.2081546089537e-05    105.32034931957449
5.249200424697174e-05    106.12528945337887
5.290569725267145e-05    106.93638007298527
5.3322650600692246e-05    107.75366806767627
5.374288998601059e-05    108.5772006826661
5.4166441306106813e-05    109.4070255217848
5.459333066256101e-05    110.2431905501827
5.502358436266154e-05    111.0857440970555
5.545722892102634e-05    111.93473485839114
5.5894291061236775e-05    112.79021189973096
5.6334797717484537e-05    113.65222465957257
5.677877603623155e-05    114.52082300007879
5.7226253377882766e-05    115.39605724619473
5.7677257318472353e-05    116.27797811596007
5.813181565136303e-05    117.16663671551574
5.858995638895891e-05    118.06208454208233
5.9051707764431726e-05    118.96437348695638
5.951709823346068e-05    119.87355583853511
5.998615647598617e-05    120.7896842853553
6.045891139797709e-05    121.71281191916871
6.0935392133212205e-05    122.64299223802949
6.141562804507553e-05    123.58027914941081
6.189964872836596e-05    124.52472697334426
6.238748401112088e-05    125.47639043709972
6.287916395645448e-05    126.43532458828676
6.337471886441043e-05    127.40158482997883
6.387417927382897e-05    128.37522698429683
6.437757596422904e-05    129.35630729658374
6.488493995770505e-05    130.34488243858502
6.539630252083859e-05    131.34100951166215
6.59116951666253e-05    132.34474605002328
6.643114965641679e-05    133.35615002397628
6.695469800187811e-05    134.37527984321463
6.748237246696031e-05    135.40219436012072
6.801420556988882e-05    136.43695287309262
6.855023008516743e-05    137.47961512990435
6.909047904559791e-05    138.53024136598953
6.963498574431585e-05    139.58889239824958
7.018378373684219e-05    140.65562953568966
7.073690684315124e-05    141.73051455617812
7.129438914975476e-05    142.8136097100443
7.185626501180261e-05    143.90497772369085
7.24225690551999e-05    145.00468180324677
7.29933361787408e-05    146.11278563824013
7.35686015562592e-05    147.22935340530265
7.414840063879641e-05    148.3544497719005
7.47327691567857e-05    149.4881399000966
7.532174312225428e-05    150.63048945033785
7.591535883104262e-05    151.78156458228216
7.65136528650411e-05    152.94143185294786
7.711666209444444e-05    154.1101581886102
7.772442368002382e-05    155.28781101294243
7.833697507541699e-05    156.47445825930564
7.895435402943632e-05    157.6701683745597
7.957659858839504e-05    158.87501032291075
8.020374709845201e-05    160.0890535897771
8.083583820797468e-05    161.31236818568735
8.147291086992093e-05    162.54502465021505
8.211500434423948e-05    163.78709405592843
8.276215820028935e-05    165.0386480123795
8.34144123192783e-05    166.29975867011896
8.407180689672058e-05    167.57049874139378
8.473438244491404e-05    168.85094161820592
8.540217979543653e-05    170.1411613115366
8.60752401016625e-05    171.44123239653385
8.675360484129875e-05    172.75123001645343
8.743731581894068e-05    174.07122988698433
8.812641516864858e-05    175.40130830060414
8.882094535654406e-05    176.74154213096355
8.9520949183427e-05    178.09200883730693
9.022646978741347e-05    179.45278646892675
9.093755064659371e-05    180.8239536696516
9.16542355817118e-05    182.20558968236446
9.237656875886602e-05    183.59777435345683
9.310459469223064e-05    185.00058809376168
9.383835824679913e-05    186.41411181447933
9.457790464114894e-05    187.83842702217012
9.532327945022827e-05    189.27361584019488
9.607452860816442e-05    190.7197610133514
9.683169841109469e-05    192.1769459125253
9.759483552001932e-05    193.64525453940232
9.836398696367705e-05    195.12477153118968
9.913920014144324e-05    196.61558216539336
9.992052282625086e-05    198.11777236461694
0.0001007080031675347    199.63142870139956
0.00010150168969419836    201.1566384030986
0.00010230163131760505    202.69348935750253
0.00010310787733459163    204.24207013158647
0.00010392047743050673    205.80246997598618
0.00010473948168227248    207.37477881742484
0.00010556494056147057    208.9590872632808
0.00010639690493745276    210.5554866066996
0.00010723542608047543    212.1640688317531
0.00010808055566485931    213.78492661862936
0.000108932345772174    215.4181533488487
0.00010979084889444735    217.06384311054524
0.0001106561179374004    218.72209070377073
0.00011152820622370784    220.3929916458336
0.00011240716749628383    222.07664217669188
0.0001132930559215941    223.77313925285233
0.00011418592609299383    225.4825805013062
0.00011508583303409223    227.20506426458138
0.00011599283220214316    228.9406896268171
0.0001169069794914628    230.68955641931478
0.00011782833123687435    232.451765226106
0.00011875694421717935    234.22741738956913
0.00011969287565865699    236.01661501608265
0.00012063618323859051    237.8194609817279
0.0001215869250888218    239.63605893802088
0.00012254515979933357    241.4665133176983
0.0001235109464218602    243.31092934053945
0.00012448434447352675    245.1694130194398
0.00012546541394051674    247.0420711868429
0.00012645421528176872    248.92901151875293
0.0001274508094327023    250.8303425078485
0.00012845525780897323    252.74617346559566
0.00012946762231025798    254.67661452837046
0.0001304879653240688    256.6217766636238
0.0001315163497295979    258.5817716760919
0.00013255283890159272    260.5567122140586
0.00013359749671426128    262.5467117756603
0.0001346503875452085    264.55188471523746
0.00013571157627940365    266.5723462497317
0.0001367811283131785    268.6082124651347
0.00013785910955825819    270.65960030954346
0.0001389455864458221    272.72662744174954
0.00014004062593059844    274.8094122855523
0.00014114429549499005    276.9080741483854
0.00014225666315323315    279.02273323008495
0.00014337779745558868    281.15351062942875
0.00014450776749256678    283.3005283507526
0.0001456466428991846    285.46390931059136
0.0001467944938592575    287.6437773443751
0.00014795139110972412    289.84025721317585
0.00014911740594500573    292.05347461049934
0.00015029261022139975    294.28355616912756
0.00015147707636150782    296.53062946800617
0.0001526708773586989    298.7948230557759
0.00015387408678160783    301.07626650545035
0.00015508677877866859    303.3750903749394
0.00015630902808268398    305.6914261993626
0.00015754091001543102    308.02540649823163
0.0001587825004923028    310.37716478269795
0.00016003387602698648    312.7468355628625
0.00016129511373617908    315.13455435512395
0.00016256629134433923    317.54045768957855
0.00016384748718847723    319.96468311748697
0.00016513878022298271    322.4073692187844
0.00016644025002449006    324.86865560964566
0.00016775197679678254    327.3486829471176
0.00016907404137573464    329.84759281350495
0.0001704065252342941    332.36552767584857
0.0001717495104875022    334.90263104695026
0.00017310307989755437    337.45904750474244
0.00017446731687890051    340.03492269999686
0.00017584230550338534    342.6304033640859
0.00017722813050542955    345.2456373168125
0.0001786248772872512    347.8807734742873
0.00018003263192412942    350.5359618568593
0.000181451481169708    353.211353597094
0.00018288151246134213    355.9071009478315
0.00018432281392548666    358.62335729027313
0.00018577547438312697    361.36027715086163
0.00018723958335525257    364.11801627510124
0.00018871523106837377    366.8967316014618
0.00019020250846008238    369.696581233749
0.00019170150718465507    372.51772444928827
0.00019321231961870233    375.3603217074401
0.00019473503886686068    378.22453465817296
0.0001962697587675307    381.1105261506973
0.00019781657389865946    384.01846024216894
0.0001993755795835696    386.94850220644065
0.00020094687189683286    389.9008185428783
0.00020253054767019126    392.87557698525865
0.00020412670449852433    395.87294651039
0.00020573544074586322    398.8930971608197
0.00020735685555145283    401.9361997247351
0.00020899104883586082    405.00242615317734
0.00021063812130713588    408.0919496525191
0.00021229817446701343    411.20494469326877
0.00021397131061717077    414.34158701891096
0.00021565763286553167    417.5020536548329
0.00021735724513262042    420.68652291729904
0.0002190702521579658    423.895174422482
0.00022079675950655586    427.1281890955528
0.00022253687357534364    430.38574917983146
0.0002242907015998034    433.6680382460058
0.00022605835166053954    436.97524120567186
0.00022783993268994684    440.3075444140067
0.0002296355544789236    443.66513568208467
0.00023144532768363765    447.0482041961478
0.00023326936383234536    450.4569405231517
0.000235107775332265    453.8915366204764
0.00023696067547650338    457.3521858456852
0.0002388281784510381    460.83908296635093
0.000240710399341754    464.3524241699489
0.00024260745414153548    467.89240707383277
0.00024451945975741466    471.4592307352426
0.00024644653401777595    475.05309566140755
0.00024838879567961697    478.6742038196916
0.0002503463644358673    482.32275856810793
0.00025231936092276453    485.99896427366
0.00025430790672728847    489.7030266064148
0.00025631212439465416    493.43515271534466
0.0002583321374358635    497.19555123863057
0.0002603680703353172    500.9844323137963
0.0002624200485584856    504.80200758791506
0.00026448819855964107    508.648490227884
0.00026657264778965023    512.5240949307506
0.00026867352470382887    516.4290379340911
0.00027079095876985764    520.3635370265036
0.0002729250804757604    524.3278115580999
0.00027507602133794646    528.3220824497074
0.00027724391390931415    532.3465720271956
0.00027942889178742046    536.4015038536112
0.00028163108962271356    540.4871030389588
0.00028385064312683086    544.603596290588
0.00028608768908096224    548.7512119237615
0.00028834236534427927    552.9301798723028
0.0002906148108624311    557.1407316993154
0.0002929051656761067    561.3831006079552
0.00029521357092966515    565.6575214522653
0.0002975401688798336    569.9642307480905
0.0002998851029044741    574.3034666840197
0.00030224851751141916    578.6754691324383
0.0003046305583473774    583.0804796420982
0.0003070313722069088    587.5187412075553
0.00030945110704147093    591.9904983403649
0.00031188991196853707    596.4959972617052
0.00031434793728078497    601.0354859177778
0.0003168253344553593    605.6092139909542
0.0003193222561632061    610.2174329109716
0.0003218388562784815    614.8603958662076
0.00032437528988803427    619.5383578150085
0.0003269317133009627    624.2515754970608
0.00032950828405824774    629.0003074448938
0.0003321051609424615    633.7848139953404
0.0003347225039875521    638.6053573011735
0.0003373604744887056    643.4622011557773
0.0003400192350122869    648.3556104105743
0.000342698949405857    653.285851537534
0.00034539978280827033    658.2531928354596
0.0003481219016598519    663.2579044412205
0.00035086547371265397    668.3002583410307
0.00035363066804079425    673.3805283817957
0.00035641765505087453    678.4989902824964
0.0003592266064924828    683.6559216456516
0.00036205769546877685    688.8516019688172
0.0003649110964471521    694.0863126561543
0.00036778698526999335    699.3603370300415
0.0003706855391655109    704.6739603386761
0.00037360693675866214    710.0274695694508
0.00037655135808216053    715.421153364262
0.0003795189845875689    720.8553022921812
0.0003825099991564818    726.330208883172
0.0003855245861117964    731.8461676397518
0.00038856293122907065    737.4034750487007
0.0003916252217479723    743.00242959281
0.00039471164638381714    748.6433317626921
0.00039782239533919973    754.3264840686714
0.0004009576603157133    760.0521910526555
0.0004041176345257645    765.8207593001571
0.00040730251270448007    771.6324974522641
0.00041051249112170697    777.4877160484932
0.00041374776759410824    783.3867261363779
0.00041700854149735305    789.3298399533635
0.00042029501377840425    795.3173717533401
0.0004236073869679005    801.3496378254329
0.0004269458651926381    807.426956504856
0.00043031065418815064    813.549648183754
0.0004337019613113869    819.7180353221094
0.0004371199955534898    825.9324424586637
0.0004405649675526758    832.193196221874
0.00044403708960721476    838.500625340902
0.00044753657568851363    844.8550606566356
0.0004510636414543025    851.2568351327511
0.0004546185042619244    857.7062838885655
0.00045820138318173    864.2037442531696
0.00046181249901057817    870.7495557261069
0.0004654520742854431    877.3440599772049
0.0004691203332971271    883.9876008578159
0.0004728175021040838    890.680524412097
0.00047654380854634826    897.42317888835
0.0004802994822595787    904.2159147503157
0.00048408475468920666    911.0590846885517
0.00048789985910470114    917.9530436318466
0.0004917450306139436    924.898148758628
0.0004956205061777161    931.8947595084078
0.0004995265246243045    938.9432375318344
0.0005034633266642168    946.0439451759333
0.0005074311549050161    953.1972453392467
0.0005114302538662726    960.4035030431721
0.0005154608699946308    967.6630855214659
0.0005195232516789989    974.9763622298848
0.0005236176492658537    982.343704855858
0.0005277443150746698    989.7654873281033
0.0005319035034134685    997.2420858263007
0.0005360954705944896    1004.7738787907301
0.0005403204749499866    1012.3612469318825
0.0005445787768481476    1020.0045732401181
0.0005488706387091392    1027.7042429952896
0.0005531963250212788    1035.460643598043
0.0005575561023573346    1043.2741636164424
0.000561950239390952    1051.1451934510903
0.000566379006913212    1059.0741257755617
0.0005708426778493174    1067.0613555459424
0.0005753415272754141    1075.107280009433
0.000579875832435541    1083.2122987128928
0.0005844458727587148    1091.376813511378
0.0005890519298761524    1099.601228576597
0.0005936942876386253    1107.8859504054253
0.0005983732321339507    1116.2313878283246
0.0006030890517046243    1124.6379520177602
0.0006078420369655873    1133.1060564930062
0.0006126324808221382    1141.6361165378605
0.0006174606784879796    1150.2285485262578
0.000622326927503415    1158.8837709909862
0.0006272315277536831    1167.602204786386
0.0006321747814874363    1176.384273095422
0.0006371569933353711    1185.230401436709
0.0006421784703289972    1194.1410176715358
0.0006472395219195618    1203.1165520107943
0.0006523404599971163    1212.1574370218316
0.0006574815989097402    1221.26410763531
0.0006626632554829113    1230.4370011519695
0.000667885749039028    1239.6765572493123
0.0006731494014170931    1248.983217860204
0.0006784545369925412    1258.3574253178483
0.0006838014826972341    1267.7996227195254
0.0006891905680396031    1277.3102554113905
0.000694622125124959    1286.8897710340107
0.0007000964886759575    1296.5386195265703
0.0007056139960532239    1306.2572531311246
0.0007111749872761471    1316.046126396591
0.0007167798050438298    1325.9056961828217
0.0007224287947562111    1335.8364216644304
0.0007281223045353501    1345.8387643345925
0.000733860685246877    1355.9131880087027
0.0007396442905216207    1366.0601588280067
0.0007454734767773952    1376.2801447081945
0.0007513486032409701    1386.5736133953951
0.0007572700319702027    1396.9410341846972
0.0007632381278763545    1407.382878596544
0.000769253258746577    1417.8996203777842
0.0007753157952665749    1428.4917355025716
0.0007814261110434546    1439.1597021730245
0.0007875845826287426    1449.9040008198576
0.0007937915895415954    1460.7251141028476
0.0008000475142921833    1471.6235269110603
0.0008063527424052667    1482.599726363015
0.0008127076624439524    1493.6542018067532
0.0008191126660336373    1504.7874447996262
0.000825568147886147    1515.9999479512198
0.0008320745058240541    1527.2922042429434
0.0008386321408052014    1538.664708637621
0.000845241456947404    1550.1179582284044
0.0008519028615533584    1561.6524522361153
0.0008586167651357414    1573.2686920064136
0.0008653835814425059    1584.9671810067564
0.0008722037274823821    1596.7484248231517
0.0008790776235505718    1608.612931156764
0.0008860056932546544    1620.5612098203235
0.0008929883635406856    1632.5937727342787
0.0009000260647195142    1644.7111339228175
0.0009071192304932979    1656.9138091518214
0.0009142682979822271    1669.202312657311
0.0009214737077514695    1681.5771585477062
0.0009287359038383133    1694.0388628092567
0.0009360553337795371    1706.587943322555
0.0009434324486389839    1719.2249198541124
0.0009508677030353636    1731.950314047517
0.0009583615551702667    1744.7646494145215
0.0009659144668563981    1757.668451325729
0.0009735269035460437    1770.6622470011116
0.0009811993343597464    1783.7465655001781
0.0009889322321152228    1796.9219377119389
0.0009967260733564941    1810.1888963440115
0.0010045813383832605    1823.5479745249772
0.0010124985112804949    1836.9997027375598
0.0010204780799482744    1850.5446122085227
0.001028520536131853    1864.1832357396179
0.0010366263754519585    1877.916107692365
0.0010447960974353419    1891.7437639726372
0.0010530302055455551    1905.6667420147514
0.0010613292072139823    1919.6855807654572
0.0010696936138711085    1933.8008206673335
0.001078123940978034    1948.0130036420392
0.0010866207080582467    1962.3226730731603
0.0010951844387296294    1976.7303737886696
0.0011038156607367357    1991.2366519153852
0.0011125149059833099    2005.8420512318298
0.001121282710565062    2020.5471125071215
0.001130119614802712    2035.352377407032
0.0011390261632752802    2050.258388696719
0.0011480029048536544    2065.265690216759
0.0011570503927344068    2080.3748268589757
0.001166169184473892    2095.586344541662
0.001175359842022603    2110.900790184505
0.0011846229317598006    2126.3187116830454
0.001193959024528421    2141.8406578827394
0.0012033686956702489    2157.4671785525657
0.0012128525250613795    2173.1988243582227
0.0012224110971479473    2189.036145755903
0.0012320450009821481    2204.9796865655994
0.0012417548302585384    2221.0299880281195
0.0012515411833506171    2237.187591814243
0.00126140466334771    2253.453040000435
0.0012713458780921254    2269.8268750337043
0.0012813654402166227    2286.3096396957785
0.0012914639671821558    2302.901877066916
0.0013016420813159336    2319.604130489195
0.0013119004098497676    2336.416943529194
0.0013222395849587217    2353.3408599401996
0.0013326602438000785    2370.376423623945
0.0013431630285525953    2387.5241785777957
0.0013537485864560876    2404.7846657117584
0.001364417569851307    2422.158418690672
0.0013751706362201495    2439.645969875724
0.0013860084482261704    2457.247851242845
0.001396931673755417    2474.964594335922
0.0014079409859575965    2492.7967302191732
0.0014190370632875488    2510.7447894291495
0.001430220589547067    2528.809301926001
0.0014414922539270274    2546.990797044191
0.0014528527510498685    2565.2898034425866
0.001464302781012396    2583.706849054081
0.0014758430494289214    2602.242461034286
0.001487474267474754    2620.8971651726793
0.0014991971519300199    2639.671477117511
0.0015110124252238418    2658.56590349444
0.0015229208154788484    2677.5809491898654
0.0015349230565560581    2696.717117525207
0.0015470198881000956    2715.9749101938123
0.00155921205558477    2735.354827197286
0.001571500310359026    2754.8573667810556
0.0015838854096932344    2774.483025369361
0.0015963681168258673    2794.232297499351
0.001608949201010532    2814.1056757547267
0.0016216294375633697    2834.1036506985224
0.001634409607910846    2854.2267108052374
0.001647290499637896    2874.475340829674
0.0016602729065364693    2894.8500156981727
0.0016733576286544374    2915.351205499419
0.0016865454723449076    2935.9793776271304
0.0016998372503159098    2956.734996703937
0.0017132337816804755    2977.6185245044157
0.001726735892007128    2998.630419877131
0.0017403444133707443    3019.7711386660194
0.0017540601844038468    3041.041133631277
0.001767884050348269    3062.4408543690365
0.001781816863107258    3083.9707472307514
0.0017958594812979673    3105.6312552417094
0.001810012770304365    3127.4228179260867
0.001824277602330574    3149.345864703015
0.0018386548564546116    3171.400810272682
0.0018531454186825724    3193.58806415027
0.0018677501820032188    3215.9080315728124
0.0018824700464430233    3238.361113405495
0.001897305919121626    3260.9477060470613
0.0019122587143077332    3283.6682013344525
0.001927329353475471    3306.522986446901
0.0019425187653611584    3329.512443808975
0.001957827886020554    3352.636950993061
0.0019732576588865278    3375.8968806209573
0.001988809034827213    3399.2926002649474
0.0020044829722045978    3422.8244712980886
0.002020280436933581    3446.49283821855
0.002036202402541508    3470.298032608395
0.002052249850228151    3494.240379934866
0.002068423768926191    3518.320199544363
0.002084725155362148    3542.537804550831
0.002101155014117813    3566.893501723711
0.002117714357692156    3591.3875913748016
0.0021344042065637122    3616.020367244692
0.0021512255892534855    3640.7921163883316
0.002168179542388313    3665.7031190598395
0.0021852671107647687    3690.7536485966584
0.0022024893474135265    3715.9439713025777
0.0022198473136642743    3741.2743431151066
0.0022373420792111097    3766.745001615497
0.002254974722178455    3792.35617426017
0.0022727463291875123    3818.108080542108
0.002290657995423209    3844.0009318647
0.0023087108247017065    3870.034931414986
0.0023269059295384083    3896.210274036079
0.0023452444312165323    3922.5271460991203
0.002363727459856204    3948.985725374477
0.0023823561544840948    3975.5861809024327
0.002401131663103632    4002.328672863183
0.002420055142765724    4029.213352446239
0.002439127759640084    4056.240361428938
0.002458350689087084    4083.4098225514426
0.0024777251157301855    4110.721836970035
0.0024972522335289554    4138.176495009418
0.0025169332458526267    4165.773876723846
0.002536769365554275    4193.51405175546
0.002556761815045544    4221.397079191899
0.0025769118263719907    4249.423007423747
0.002597220641289008    4277.591874001169
0.0026176895113383374    4305.903705490496
0.002638319697925216    4334.358517329903
0.0026591124723960888    4362.956313685176
0.0026800691161169778    4391.697087304835
0.0027011909205524277    4420.580818000972
0.002722479187345108    4449.6074635622035
0.002743935228396022    4478.776964955954
0.002765560365945345    4508.089250694999
0.0027873559326539264    4537.544236708029
0.0028093232716853937    4567.141826187501
0.002831463736788949    4596.881909437579
0.0028537786923827713    4626.764363721821
0.002876269513638118    4656.78905311066
0.002898937586564065    4686.9558283286115
0.00292178430809291    4717.264526601529
0.002944811086166277    4747.7149715038595
0.0029680193398218644    4778.306972780163
0.0029914104992809104    4809.0403180224
0.0030149860060363137    4839.914760474324
0.0030387473129414814    4870.930035389018
0.003062695884299857    4902.085862791386
0.003086833195955149    4933.381947316104
0.0031111607353823006    4964.817978045863
0.0031356800017791333    4996.39362834976
0.003160392506158758    5028.108555722042
0.0031852997714426705    5059.962401620735
0.003210403332554622    5091.954791306922
0.003235704736515199    5124.085333684283
0.0032612055425371546    5156.35362113875
0.003286907322121512    5188.759228514716
0.003312811659154389    5221.30169723886
0.0033389201500046268    5253.9805363643345
0.003365234403622145    5286.795236443388
0.003391756041637115    5319.745269880369
0.0034184866984598838    5352.8300907661105
0.003445428021381686    5386.049134712962
0.0034725816706761823    5419.401818690471
0.0034999493197017486    5452.887540861944
0.0035275326550046238    5486.505680421856
0.003555333376422817    5520.255597434122
0.0035833531971908843    5554.136632671153
0.003611593844045499    5588.148107454157
0.003640057057331852    5622.2893182318685
0.003668744591110923    5656.559514081696
0.003697658213267553    5690.957914419534
0.00372679970561941    5725.483717554517
0.0037561708640267886    5760.136100530008
0.0037857734985032665    5794.914218961322
0.003815609433327275    5829.817206875171
0.0038456805071544913    5864.844176550217
0.003875988573131176    5899.994218359582
0.003906535499008345    5935.266400614824
0.003937323167256896    5970.659769411426
0.003968353475183606    6006.173348476289
0.003999628335048044    6041.806138761648
0.0040311496741804375    6077.557096119591
0.004062919435100421    6113.425113272901
0.004094939575636768    6149.409054430086
0.00412721206904802    6185.507759111947
0.00415973890414411    6221.720041998645
0.004192522085408917    6258.04469277891
0.004225563633123781    6294.480476001517
0.004258865583492028    6331.026130929775
0.004292429988764426    6367.680371398418
0.004326258917365682    6404.441885673056
0.004360354454021883    6441.309336312896
0.004394718699888993    6478.281360035725
0.004429353772682328    6515.356566710654
0.004464261806807047    6552.533529489022
0.004499444953489718    6589.810787982321
0.0045349053809108485    6627.186854902462
0.004570645274338545    6664.660216063673
0.004606666836263136    6702.229330263368
0.00464297228653294    6739.892629167582
0.004679563862491048    6777.648517198782
0.0047164438191131895    6815.495371428347
0.004753614429146724    6853.431541472284
0.004791077983250673    6891.455349390672
0.004828836790136907    6929.565089591311
0.004866893176712397    6967.759028736265
0.004905249488222632    7006.035369253005
0.004943908088396143    7044.392150636842
0.004982871359590147    7082.827349729016
0.005022141702937399    7121.338910875344
0.0050617215384941225    7159.924745833979
0.005101613305389183    7198.582733688738
0.005141819461974368    7237.310720768211
0.005182342485975915    7276.10652057055
0.005223184874647186    7314.967913694636
0.005264349144922551    7353.892647776874
0.005305837833572528    7392.878437434463
0.005347653497360072    7431.92296421472
0.005389798713198178    7471.0238799343
0.005432276078308659    7510.178934919671
0.0054750882103821955    7549.38602060858
0.005518237747739685    7588.643013110152
0.005561727349494786    7627.947761960731
0.005605559695717834    7667.298090131179
0.005649737487600954    7706.691794039091
0.005694263447624564    7746.12664356613
0.005739140319725134    7785.600382080596
0.005784370869464266    7825.110726465268
0.005829957884199157    7864.655367150564
0.005875904173254334    7904.231968152926
0.005922212568094819    7943.8381671189045
0.00596888592250058    7983.471489300471
0.006015927112742431    8023.128733276105
0.006063339037759269    8062.806316202796
0.006111124619336707    8102.500604630014
0.006159286802287168    8142.207916737651
0.006207828554631319    8181.924522404951
0.006256752867781016    8221.646643294245
0.006306062756723612    8261.370452949452
0.006355761260207795    8301.092076910836
0.006405851440930833    8340.807592844325
0.006456336385727302    8380.513030687474
0.0065072192057593495    8420.204372811091
0.006558503036708376    8459.877554512885
0.006610191038968326    8499.528620566229
0.006662286397840391    8539.153982859432
0.006714792323729356    8578.750083688312
0.006767712052341421    8618.313330593106
0.006821048844883585    8657.840096589835
0.006874805988264663    8697.32672041313
0.006928986795297794    8736.769506771108
0.006983594604904642    8776.164726611934
0.007038632782321116    8815.50861740191
0.007094104719304791    8854.79738341651
0.00715001383434391    8894.027196042452
0.007206363572868034    8933.19419409266
0.007263157407460412    8972.294485105484
0.007320398838071925    9011.324165560993
0.007378091392236829    9050.279320817175
0.00743623862529009    9089.156006571637
0.007494844120586526    9127.950248437988
0.007553911489721614    9166.658042330939
0.0076134443727540356    9205.275354864798
0.007673446438430048    9243.798123763007
0.007733921384409518    9282.222258281217
0.007794872937493842    9320.54363964261
0.00785630485385556    9358.758121485487
0.007918220919269886    9396.861530324186
0.007980624949347977    9434.849666022013
0.008043520789772057    9472.718211232264
0.00810691231653246    9510.46230861044
0.008170803436166432    9548.07688663704
0.008235198085998915    9585.556836691881
0.008300100234385184    9622.89701388988
0.00836551388095536    9660.092237756835
0.008431443056860945    9697.137292924815
0.008497891825023187    9734.026929849806
0.008564864280383527    9770.755865549043
0.008632364550155874    9807.318784360357
0.008700396794081014    9843.71033872233
0.008768965204682927    9879.925149975576
0.008838074007527133    9915.957808211186
0.008907727461481154    9951.80276650166
0.00897792985897689    9987.454243686307
0.009048685526275226    10022.906403718665
0.009119998823732562    10058.153379092992
0.009191874146069586    10093.189271846491
0.009264315922642074    10128.008154586722
0.009337328617713827    10162.604071544634
0.009410916730731841    10196.971039652473
0.00948508479660352    10231.103049646747
0.00955983738597622    10264.994067196942
0.009635179105518827    10298.638034059086
0.009711114598205733    10332.02886925391
0.009787648543602914    10365.160456838148
0.009864785658156296    10398.026482000263
0.009942530695482467    10430.620481743337
0.010020888446661548    10462.935968686526
0.010099863740532527    10494.966435113587
0.01017946144399075    10526.705354392874
0.010259686462287922    10558.146182426675
0.010340543739334372    10589.282359127446
0.010422038258003682    10620.107309922938
0.010504175040439837    10650.614447288646
0.010586959148366633    10680.797172308266
0.010670395683399695    10710.64887626134
0.010754489787360781    10740.162942237663
0.01083924664259472    10769.33268270598
0.01092467147228875    10798.151150208634
0.011010769540794363    10826.611327648889
0.011097546153951806    10854.706192572403
0.011185006659416965    10882.428719047213
0.011273156446990997    10909.771879574024
0.01136200094895241    10936.728647026304
0.011451545640391888    10963.291996619559
0.011541796039549674    10989.4549079091
0.011632757708155602    11015.210366817686
0.011724436251771915    11040.551367689743
0.011816837320138622    11065.470915373899
0.011909966607521758    11089.962020620922
0.012003829853064203    11114.017404616616
0.012098432841139446    11137.6293799823
0.012193781401708003    11160.79024121998
0.012289881410676676    11183.492298159252
0.01238673879026072    11205.727878518977
0.012484359509348722    11227.489330503191
0.012582749583870515    11248.769025428968
0.012681915077167883    11269.559360386016
0.012781862100368175    11289.852760927595
0.012882596812760985    11309.641683791173
0.012984125422177643    11328.918619648139
0.013086454185373856    11347.67609588222
0.013189589408415199    11365.90664296129
0.013293537447065806    11383.602512692276
0.013398304707180017    11400.755833165065
0.013503897645097095    11417.358776192768
0.013610322768039206    11433.403561887966
0.013717586634512316    11448.88246185495
0.013825695854710465    11463.78780240932
0.013934657090923022    11478.111967823701
0.014044477057945351    11491.847403598185
0.014155162523492568    11504.98661975415
0.014266720308616556    11517.522194149722
0.01437915728812643    11529.446775816235
0.014492480391012084    11540.753088135778
0.014606696600871286    11551.433785191468
0.014721812956339966    11561.481187446265
0.014837836551526052    11570.88762588832
0.01495477453644661    11579.645517926505
0.015072634117468429    11587.747371178868
0.015191422557752219    11595.185787277482
0.01531114717770009    11601.953465687824
0.015431815355406775    11608.04320754069
0.01555343452711423    11613.447919474338
0.01567601218766996    11618.160617484578
0.01579955589098887    11622.174430781512
0.015924073250518735    11625.482605649517
0.01604957193970948    11628.078500401663
0.01617605969248594    11629.955383932807
0.01630354430372459    11631.106434169034
0.0164320336297338    11631.52495159457
0.01656153558873806    11631.204373350633
0.016692058161365937    11630.138277361677
0.016823609391141813    11628.320386453366
0.01695619738498168    11625.744572459562
0.017089830313692628    11622.404860314462
0.017224516412476475    11618.29543212854
0.017360263981437175    11613.410631244169
0.01749708138609238    11607.744966268667
0.017634977057888968    11601.29311508135
0.017773959494722557    11594.04991556961
0.01791403726146131    11586.010302514747
0.018055218990473645    11577.169361965174
0.01819751338216028    11567.52236535539
0.01834092920549039    11557.06477347916
0.01848547529854193    11545.792240366125
0.018631160569046405    11533.700617111585
0.01877799399493768    11520.785955656695
0.018925984624905395    11507.04451251558
0.019075141578952445    11492.472752445876
0.01922547404895714    11477.067352059605
0.019376991299239577    11460.825203371569
0.019529702667132557    11443.743418356247
0.01968361756355708    11425.819484085609
0.01983874547360218    11407.051421700991
0.01999509595710958    11387.437515385245
0.02015267864926269    11366.976277536547
0.020311503261180502    11345.666451495003
0.020471579580515986    11323.507014183602
0.0206329174720592    11300.497178657319
0.020795526878345363    11276.6363965613
0.020959417820267393    11251.924360492134
0.021124600397693618    11226.36100626141
0.021291084790090023    11199.946515057405
0.02145888125714772    11172.681315503565
0.021628000139415113    11144.566143388918
0.021798451858935117    11115.602827187984
0.021970246919887554    11085.7940749614
0.022143395909236287    11055.142847691894
0.02231790949738185    11023.65234369372
0.022493798438818834    10991.325998825503
0.022671073572798784    10958.167486589084
0.022849745823998107    10924.180718115891
0.02302982620319127    10889.369842037653
0.02321132580792946    10853.739244241733
0.023394255823224335    10817.293547509416
0.023578627522237453    10780.03761103678
0.023764452266974854    10741.976529837564
0.02395174150898734    10703.116118004831
0.024140506790076177    10663.464478158148
0.02433075974300427    10623.030456123204
0.02452251209221319    10581.823080800204
0.024715775654545545    10539.851560748526
0.024910562339973342    10497.125280703127
0.02510688415233179    10453.653798018642
0.025304753190059214    10409.446839043692
0.025504181646942518    10364.514295426416
0.025705181812868613    10318.86622035386
0.025907766074581905    10272.512824727319
0.026111946916447484    10225.46447327522
0.02631773692122065    10177.731716225768
0.026525148770822134    10129.32714634306
0.02673419524711982    10080.266263000385
0.026944889232716356    10030.564835259356
0.027157243711742954    9980.238664264938
0.02737127177065974    9929.30357607711
0.027586986599062023    9877.775414590114
0.02780440149049325    9825.670034542669
0.028023529843264196    9773.003294622073
0.028244385161278533    9719.791050665634
0.028466981054865212    9666.049148962027
0.028691331241616994    9611.793419655867
0.028917449547236004    9557.039670257818
0.029145349906385568    9501.804140551798
0.029375046363549085    9446.107420128645
0.029606553073895484    9389.972374207162
0.029839884304151448    9333.421670266347
0.030075054433480793    9276.477742361767
0.03031207795437038    9219.162782565132
0.030550969473523443    9161.498732811415
0.03079174371275952    9103.507277151908
0.031034415509921864    9045.209834408308
0.03127899981979178    8986.627551225434
0.031525511715010106    8927.781295517834
0.03177396638700631    8868.691650305514
0.032024379146934435    8809.378908965502
0.03227676542661673    8749.864715268219
0.03253114077949483    8690.17532311559
0.03278752088158794    8630.33742782588
0.033045921532459    8570.377206079014
0.03330635865618855    8510.320311222958
0.033568848302355694    8450.191869302742
0.03383340664702742    8390.01647579033
0.03410004999375531    8329.818192997593
0.03436879477458051    8269.620548150466
0.03463965755104601    8209.446532105365
0.034912655015217425    8149.3185986861245
0.035187803990711856    8089.258664622162
0.035465121433734245    8029.2882949686245
0.035744624434122615    7969.433517843766
0.036026330216401066    7909.725113025012
0.03631025614084153    7850.193285457432
0.03659641970453321    7790.8673870386965
0.03688483854246103    7731.775923101224
0.03717553042859263    7672.9465599609875
0.03746851327697327    7614.4061334787475
0.03776380514283008    7556.180658584279
0.038061424223684553    7498.295339710778
0.0383613888604743    7440.774582090964
0.03866371753868288    7383.642003866116
0.03896842888947918    7326.920448960098
0.03927554169086578    7270.63128839577
0.03958507486883577    7214.790521313361
0.039897047498539326    7159.41171682158
0.04021147880545907    7104.507940478913
0.04052838816659518    7050.091770487899
0.040847795111659035    6996.175308776214
0.04116971932427701    6942.770192267288
0.041494180643203635    6889.887604321485
0.04182119906354381    6837.538286332346
0.04215079473798527    6785.732549460516
0.042482987978040336    6734.480286490376
0.04281779925529796    6683.790983794513
0.04315524920268484    6633.673764082873
0.043495358615737126    6584.143166907869
0.04383814845388224    6535.225726083728
0.044183639841730016    6486.948716773163
0.04453185407037484    6439.338499952597
0.04488281259870754    6392.420555289665
0.045236537054738166    6346.21951497898
0.04559304923692831    6300.759198469384
0.0459523711155347    6256.062648020185
0.046314524833963394    6212.152165027259
0.046679532710133836    6169.049347068502
0.047047417237854626    6126.7751256181045
0.04741820108820943    6085.3498017433385
0.04779190711095456    6044.782698253612
0.048168558335926474    6005.049111829835
0.04854817797446138    5966.118118599436
0.048930789420825786    5927.959569660112
0.04931641625365777    5890.544061099446
0.049705082237420185    5853.842905430136
0.05009681132386552    5817.828104383892
0.050491627653511346    5782.472323009995
0.05088955555712837    5747.748865027605
0.05129061955723961    5713.631649383324
0.05169484436963208    5680.0951879677195
0.0521022549048792    5647.114479773111
0.05251287626987637    5614.66472355553
0.05292673376938833    5582.721568184702
0.05334385290760815    5551.261188721095
0.053764259389729216    5520.260268899866
0.054187979123529156    5489.695984583812
0.05461503822096685    5459.545988150517
0.05504546299979097    5429.788393782557
0.055479279985162146    5400.401763629144
0.055916515911287844    5371.365094809344
0.056357197723069345    5342.6569580715695
0.056801352577762594    5314.249847504464
0.05724900784665157    5286.113806754339
0.057700191116735515    5258.219469031355
0.05815493019242834    5230.53806062493
0.058613253097272396    5203.041389139518
0.059075188075665766    5175.701833269218
0.05954076359460224    5148.49233405823
0.060010008345425976    5121.386387597064
0.06048295124559942    5094.35787523898
0.06095962144048584    5067.372336413525
0.061440048305144705    5040.38282453239
0.06192426144614233    5013.342332122203
0.06241229070337666    4986.2048928607
0.06290416615191557    4958.925588276227
0.06339991810385066    4931.460558549628
0.06389957711016506    4903.767017240918
0.06440317396261658    4875.803269758555
0.06491073969563457    4847.528251858457
0.06542230558823284    4818.8935160653655
0.06593790316593752    4789.844713103321
0.0664575642027292    4760.328862794111
0.06698132072300146    4730.29464725114
0.06750920500353412    4699.692468250461
0.06804124957548287    4668.474509579496
0.06857748722638322    4636.594803930369
0.06911795100217147    4604.009420924333
0.06966267420922152    4570.683217763442
0.07021169041639667    4536.593274632336
0.0707650334571188    4501.719159560465
0.07132273743145315    4466.042078361234
0.0718848367082102    4429.54492300024
0.07245136592706299    4392.212319206049
0.07302236000068213    4354.030673026897
0.0735978541168877    4314.989425934949
0.07417788374081699    4275.096810355411
0.07476248461711053    4234.374737358114
0.07535169277211465    4192.846139534242
0.07594554451610207    4150.534644781254
0.07654407644550885    4107.464551549184
0.07714732544519003    4063.6608029275717
0.07775532869069304    4019.14918347698
0.07836812365054789    3973.9693688877883
0.07898574808857674    3928.1813836165347
0.0796082400662208    3881.8459105949946
0.0802356379448865    3835.022393580787
0.08086798038830864    3787.768965044327
0.08150530636493354    3740.1423808578925
0.08214765515032084    3692.1982873344937
0.0827950663295631    3644.0005140473413
0.08344757979972578    3595.6218428376505
0.08410523577230566    3547.1329550145774
0.08476807477570945    3498.601759616076
0.0854361376577505    3450.0933693129373
0.08610946558816654    3401.6700880838907
0.08678810006115718    3353.3936626190275
0.0874720828979402    3305.3345025581875
0.08816145624932929    3257.5631542529027
0.08885626259833142    3210.1464114580945
0.08955654476276542    3163.147372537082
0.09026234589789982    3116.6255127171635
0.09097370949911261    3070.6381224092406
0.09169067940457232    3025.2529161949697
0.09241329979793854    2980.5415516472053
0.09314161521108542    2936.571215213492
0.09387567052684555    2893.404690513879
0.09461551098177673    2851.100554195002
0.09536118216894854    2809.713383634459
0.09611273004075266    2769.2940408255904
0.09687020091173507    2729.8926472232934
0.09763364146144936    2691.5596240413847
0.09840309873733395    2654.3422186984417
0.09917862015761111    2618.28449619484
0.09996025351420983    2583.4276192771936
0.10074804697570995    2549.8101334484654
0.10154204909031116    2517.4675296474575
0.1023423087888252    2486.413758219349
0.10314887538769045    2456.640856068492
0.10396179859201149    2428.1401908406383
0.10478112849862199    2400.9036488532556
0.10560691559917276    2374.9237050584534
0.10643921078324207    2350.1934924401558
0.10727806534147238    2326.6983001678573
0.10812353096873173    2304.3792695669517
0.1089756597672983    2283.1654583081267
0.10983450425007181    2262.989052647075
0.11070011734381024    2243.785129230138
0.11157255239239038    2225.491426376843
0.11245186316009576    2208.0456831921565
0.11333810383492975    2191.3595673389245
0.11423132903195556    2175.329466910481
0.11513159379666076    2159.854704950931
0.11603895360835015    2144.8375923118197
0.11695346438356521    2130.183211630352
0.11787518247952886    2115.7983010743637
0.11880416469761924    2101.582989309021
0.11974046828686975    2087.434961668145
0.12068415094749796    2073.2545725453874
0.12163527083446    2058.9448946550992
0.12259388656103518    2044.411756715204
0.12356005720243858    2029.56624273967
0.12453384229946043    2014.3309667697163
0.12551530186213605    1998.6332471358373
0.12650449637344377    1982.4032814429208
0.12750148679303286    1965.5743335077254
0.12850633456097912    1948.084183057751
0.12951910160157165    1929.8928126823546
0.13053985032712967    1910.977633081636
0.1315686436418475    1891.3189706485482
0.13260554494567175    1870.8997892171901
0.13365061813820808    1849.7061965859282
0.13470392762265998    1827.7444318232995
0.13576553830979607    1805.046303865509
0.13683551562195118    1781.646185206411
0.13791392549705864    1757.5791547191448
0.13900083439271238    1732.8812603120805
0.1400963092902633    1707.6055239654156
0.14120041769894648    1681.827398888241
0.1423132276600427    1655.6219159943444
0.14343480775106981    1629.0616705261828
0.14456522709000968    1602.2179614044676
0.1457045553395684    1575.1832709018115
0.14685286271146775    1548.0664938566274
0.14801021997077307    1520.9711041218945
0.1491766984402536    1493.994348256071
0.15035237000477902    1467.2326183715588
0.1515373071157476    1440.8043188461716
0.1527315827955519    1414.828911540885
0.1539352706420798    1389.4170849656352
0.1551484448332481    1364.6711363487498
0.15637118013157517    1340.6842826707023
0.15760355188878739    1317.5410419837713
0.15884563605046403    1295.319371054734
0.16009750916071575    1274.0914156066672
0.16135924836690244    1253.910963280143
0.16263093142438836    1234.787809148656
0.16391263670133224    1216.723479450633
0.16520444318351765    1199.7196309649971
0.16650643047922029    1183.7693621573198
0.16781867882411475    1168.8189474962971
0.16914126908621763    1154.8020776908959
0.17047428277087162    1141.6563037328622
0.17181780202576952    1129.3189744199913
0.17317190964601464    1117.7070970480947
0.17453668907922432    1106.7323306352046
0.17591222443067192    1096.3101853603475
0.17729860046847104    1086.3568901352803
0.1786959026287975    1076.777768664467
0.1801042170211553    1067.4770370986903
0.1815236304336843    1058.3622106988732
0.18295423033850639    1049.3395608163466
0.18439610489711755    1040.3057580430116
0.18584934296582012    1031.158703054017
0.18731403410119976    1021.8000883004121
0.1887902685656428    1012.1392772882998
0.19027813733289928    1002.0944784859922
0.1917777320936906    991.5882663916573
0.1932891452613578    980.5524212696432
0.19481246997755813    968.9580030436098
0.19634780011800398    956.7944594788198
0.19789523029824965    944.0542416361249
0.19945485587951992    930.7557644632151
0.2010267729745877    916.9569984808902
0.20261107845369836    902.7184500501886
0.20420786995053689    888.1041640237814
0.20581724586824632    873.2026596326422
0.20743930538549116    858.1070611250252
0.20907414846257066    842.906217734484
0.21072187584757682    827.6941734050263
0.21238258908260402    812.5670881164065
0.21405639051000794    797.6148553293956
0.21574338327871007    782.9242795544715
0.21744367135055576    768.5805195280506
0.21915735950672033    754.6626124667187
0.22088455335416773    741.2395162366878
0.2226253593321563    728.366199649212
0.22437988471879927    716.0923169842528
0.2261482376376771    704.4541545821572
0.22793052706449826    693.4591468570438
0.22972686283381644    683.1098861586277
0.23153735564579844    673.3976685770104
0.23336211707304771    664.2836916482814
0.23520125956747767    655.7263287677172
0.23705489646724276    647.6759019035786
0.23892314200372425    640.0616463722083
0.24080611130856744    632.8129049712384
0.24270392042077774    625.8526757022142
0.244616686293873    619.0921492657277
0.2465445268030885    612.4447940080336
0.24848756075264228    605.8244108446879
0.2504459078830562    599.1453730197345
0.2524196888785365    592.327764517571
0.2544090253744082    585.3113610105311
0.2564140399646127    578.0467917495613
0.2584348562092637    570.4978832831048
0.2604715986422593    562.6616047893043
0.2625243927789577    554.5425616096235
0.26459336512391185    546.16333150065
0.2666786431786669    537.5651063180887
0.2687803554496148    528.7907974414566
0.27089863145591503    519.8938540082771
0.2730336017374776    510.9294141558066
0.27518539786300505    501.95464930874857
0.2773541524381019    493.0306443439779
0.27953999911344607    484.21624708052434
0.2817430725930268    475.5733594430619
0.2839635086424431    467.16183982659265
0.2862014440972716    459.0336260653148
0.28845701687150105    451.23283473081057
0.29073036596602786    443.79352401057594
0.29302163147722443    436.7255126680614
0.2953309546055715    430.03098347170464
0.297658477664362    423.68860395867284
0.30000434408846754    417.66515478344286
0.3023686984431799    411.91956485610837
0.3047516864331211    406.4013496888873
0.3071534549112194    401.06053984060827
0.30957415188776155    395.8462251360382
0.31201392653951254    390.70963393791095
0.3144729292189112    385.60497107634546
0.3169513114633323    380.4893743557227
0.3194492260044269    375.3257631939781
0.321966826777536    370.0815864048103
0.3245042689311739    364.73573006837813
0.3270617088365911    359.27601624524596
0.3296393040974098    353.70504826029617
0.33223721355933883    348.03895130047096
0.33485559731995884    342.3048059492427
0.3374946167385903    336.54111910016053
0.34015443444623905    330.78878024437324
0.342835214355615    325.091073144425
0.34553712167123574    319.486359163939
0.34826032289960607    314.007098823187
0.3510049858594817    308.67856281902664
0.35377127969220734    303.51823218158523
0.35655937487214173    298.5374341016931
0.3593694432171657    293.7414518928632
0.362201657899266    289.12896852009067
0.36505619345521056    284.6927490037867
0.36793322579730237    280.4168564314953
0.370832932224223    276.2792806282425
0.3737554914319548    272.2506404466477
0.3767010835247953    268.29902732064767
0.37966989002645807    264.3927400811276
0.38266209389125516    260.50373021070516
0.38567787951537447    256.61148690907737
0.38871743274824205    252.70271360195335
0.3917809409039777    248.77245646017136
0.39486859277293423    244.82256140106722
0.39798057863333397    240.86011467112462
0.40111709026299697    236.89711238946884
0.4042783209511546    232.94815846447435
0.4074644655103648    229.03055233359737
0.4106757202885153    225.16231266231216
0.4139122831809269    221.36153489581247
0.41717435364254457    217.64448901133687
0.4204621327002312    214.02425939732868
0.42377582296515787    210.50837811132436
0.4271156286452858    207.09763914446538
0.43048175555795354    203.78654995145783
0.4338744111425591    200.5638262752417
0.43729380447334665    197.41630099059932
0.4407401462722862    194.33060701766755
0.4442136489220617    191.2951518020257
0.4477145264791616    188.29939871797544
0.4512429946870656    185.3331665558173
0.4547992709895428    182.38657514469068
0.4583835745440508    179.45187167520146
0.461996126235244    176.526097030398
0.4656371486885811    173.61321071781538
0.46930686628404716    170.7220007163753
0.47300550516998324    167.86363893962127
0.47673329327701824    165.0474709159229
0.4804904603321185    162.2799929471572
0.484277237872743    159.5648754808012
0.4880938592611157    156.90512012861828
0.4919405596986011    154.30335562459157
0.49581757624020173    151.76109154879234
0.4997251478091689    149.27695225109304
0.5036635152117214    146.84567206172642
0.507632921151889    144.45942160900248
0.5116336102464671    142.10980173487366
0.5156658290400957    139.790395985352
0.5197298260204463    137.49760107032884
0.5238258516335387    135.23003149350134
0.5279541582991772    132.98742195616634
0.5321150004265011    130.76961566022842
0.5363086344296656    128.57713207166407
0.5405353187436425    126.41213080735925
0.5447953138401493    124.27870536017421
0.5490888822436966    122.18185738851739
0.5534162885477673    120.12487718151229
0.5577777994311267    118.108048178419
0.5621736836742505    116.12939186846152
0.5666042121758909    114.18642921064986
0.5710696579697748    112.27760791162073
0.5755702962414229    110.40204069904038
0.5801064043451126    108.55775210812467
0.5846782618209678    106.7413294331732
0.5892861504121901    104.94922685561923
0.593930354082415    103.17969177565656
0.5986111590332144    101.43364334356788
0.6033288537217372    99.71336779966737
0.6080837288784792    98.02009684518383
0.6128760775252038    96.35353624291675
0.6177061949929977    94.71322969210773
0.6225743789404747    93.10022741479968
0.6274809293721129    91.51572850789726
0.6324261486567456    89.95946506959872
0.6374103415461991    88.43027009611754
0.6424338151940654    86.92698693781296
0.6474968791746355    85.44851360387959
0.6525998455019757    83.99380283354373
0.657743028649159    82.56207595353365
0.6629267455676383    81.15298572031458
0.6681513157067825    79.76623267079398
0.6734170610335657    78.40151967468728
0.6787243060524016    77.05855196278368
0.6840733778251467    75.73703715351681
0.6894646059912519    74.4366852778922
0.6948983227880832    73.15720880279548
0.7003748630713871    71.8983226527301
0.7058945643359316    70.65974423001119
0.7114577667363063    69.44119343345339
0.717064813107879    68.2423926755958
0.7227160489879271    67.06306689848991
0.7284118226369286    65.90294358809047
0.7341524850600305    64.76175278728408
0.7399383900286703    63.63922710759014
0.7457698941023823    62.53510173956602
0.7516473566507739    61.449114461953414
0.7575711398756648    60.38100564959563
0.7635416088334132    59.33051828016438
0.769559131457409    58.29739793972174
0.7756240785807541    57.28139282715507
0.7817368239591072    56.28225375751602
0.7878977442937197    55.299734164291934
0.7941072192546555    54.33359010064203
0.8003656315041796    53.38358023963391
0.8066733667203451    52.44946587350165
0.8130308136207582    51.53101081567585
0.8194383639865396    50.62797518471019
0.8258964126864579    49.74011216076523
0.8324053577012698    48.86717777329792
0.8389656001482492    48.00893180082782
0.8455775443058974    47.165137715909545
0.8522415976388638    46.335562630878634
0.8589581708230515    45.51997724435763
0.8657276777709337    44.71815578851458
0.8725505356570502    43.92987597706365
0.8794271649437214    43.15491895399681
0.8863579894069643    42.39306924303421
0.8933434361625986    41.64411469779327
0.9003839356925732    40.90784645265099
0.9074799218714936    40.184058874307325
0.914631831993364    39.472549514025424
0.9218401067985276    38.77311906055104
0.9291051905008318    38.08557129369317
0.9364275308150082    37.40971303856224
0.9438075789842527    36.74535412045629
0.9512457898080414    36.092307320384194
0.9587426216701534    35.450388331218214
0.9662985365669267    34.81941571446934
0.9739140001357175    34.1992108576741
0.981589481683602    33.589597932386454
0.9893254542163017    32.99040385276459
0.9971223944673231    32.40145823474836
1.0049807829273427    31.822593355813762
1.012901103873815    31.253644122590632
1.0208838454008222    30.694448844707452
1.0289294994491438    30.144849858827524
1.0370385618365778    29.60469201138902
1.0452115322885005    29.07382244526418
1.0534489144686525    28.552090570335753
1.061751216010183    28.03934803435509
1.0701189485469311    27.535448694080674
1.0785526277449617    27.04024858669263
1.0870527733343331    26.553605901489643
1.0956199091411307    26.07538095186083
1.104254563119755    25.605436147534288
1.1129572673854433    25.143635967103542
1.1217285582470724    24.68984693082802
1.1305689762402018    24.243937573707736
1.139479066160395    23.80577841883139
1.1484593770967795    23.375241950997623
1.1575104624658912    22.952202590606255
1.1666328800457844    22.5365366678204
1.1758271920103942    22.128122396998513
1.1850939649641876    21.726839851392565
1.1944337699770784    21.332570938114596
1.2038471826196255    20.94519937336782
1.2133347829984928    20.564610657942815
1.2228971557922033    20.190692052975947
1.2325348902871767    19.823332555969674
1.2422485804140329    19.462422877073568
1.2520388247841978    19.10785541562398
1.2619062267268017    18.7595242363501
1.271851394325845    18.417324910853836
1.2818749404576812    18.081154336049405
1.291977482828781    17.750910997035284
1.3021596440138086    17.426494988086876
1.3124220514939735    17.107807989224813
1.322765337695707    16.794753243081328
1.333190140029642    16.487235532062808
1.343697100929881    16.185161155807354
1.3542868678935949    15.88843790893029
1.3649600935209203    15.596975059058652
1.375717435555187    15.3106833251496
1.386559556923437    15.029474856090994
1.397487125777284    14.753263209579464
1.4085008155340977    14.48196333127495
1.4196013049184872    14.215491534228416
1.430789278004138    13.953765478579033
1.442065424255965    13.696704151518619
1.4534304385726078    13.444227847520239
1.4648850213292428    13.196258148829413
1.47642987842075    12.952717906212895
1.4880657213052217    12.713531219963313
1.499793267047791    12.478623421158213
1.5116132383648324    12.247921053168666
1.5235263636684941    12.021351853415698
1.5355333771115973    11.798844735371596
1.547635018632862    11.580329770804212
1.5598320340025158    11.365738172260272
1.5721251748682596    11.155002275778669
1.584515198801571    10.94805551921101
1.5970028693444034    10.744832417944812
1.6095889560562318    10.545268559610491
1.6222742345614891    10.34930058988862
1.6350594865973493    10.156866196314512
1.6479455000619085    9.967904092306561
1.6609330690627493    9.78235400141456
1.6740229939658606    9.600156641787958
1.6872160814449724    9.421253710858693
1.7005131445312616    9.245587870237765
1.713915002663467    9.073102730822724
1.7274224817383705    8.903742838113219
1.7410364141617019    8.737453657732537
1.7547576388994444    8.574181561152317
1.768587001529521    8.413873811618517
1.7825253542939123    8.256478550275657
1.7965735561511738    8.101944782487193
1.8107324728293785    7.950222364349569
1.8250029768794522    7.801261989398375
1.8393859477289527    7.6550151755025375
1.8538822717362753    7.511434251945906
1.868492842245255    7.370472346693439
1.8832185596402327    7.232083373839209
1.8980603314015358    7.096222021234626
1.913019072161415    6.962843738294375
1.9280957037603894    6.831904723977821
1.9432911553040637    6.703361914943856
1.9586063632203974    6.577172973875869
1.9740422713173915    6.453296274164835
1.989599830841264    6.3316908803632055
2.005280000535065    6.2123165477553
2.0210837466977725    6.095133713958549
2.0370120432438226    5.980103488011451
2.0530658717631347    5.867187639622927
2.0692462215816168    5.756348588579622
2.085554089822108    5.647549394310686
2.1019904814658443    5.540753745606632
2.1185564094143814    5.43592595049092
2.1352528945520324    5.333030926242194
2.1520809658087563    5.23203418956514
2.169041660223578    5.132901846907736
2.1861360230085083    5.035600584923457
2.203365107612932    4.940097661076283
2.2207299757885437    4.84636089438613
2.2382316976547703    4.754358656313944
2.255871351764732    4.664059861783223
2.2736500251716882    4.5754339603373975
2.291568813496038    4.488450927430388
2.309628820992849    4.403081255848728
2.3278311606198865    4.319295947263927
2.3461769541062134    4.237066503912675
2.3646673320213116    4.15636492040344
2.383303433844768    4.077163675647926
2.4020864080364728    3.999435724915245
2.421017412107406    3.92315449200762
2.4400976126909812    3.848293861555393
2.4593281856149165    3.7748281681122244
2.478710315973709    3.7027321793177785
2.4982451982016634    3.6319810993044332
2.517934036146513    3.5625505647912297
2.537778043143583    3.494416637886174
2.5577784420905747    3.4275557990009955
2.577936465522943    3.3619449398765795
2.598253355689823    3.2975613567180906
2.618730364630604    3.2343827434373185
2.6393687542520756    3.172387185001421
2.660169796406215    3.111553150886283
2.6811347729685346    3.0518594886329597
2.7022649759170947    2.993285417505698
2.7235617074121348    2.9358105222501365
2.745026279876293    2.879414746950213
2.766660016075498    2.8240783889823806
2.7884642492004996    2.7697820930654125
2.8104403229489994    2.7165068454051164
2.832589591608475    2.664233967931605
2.8549134201396296    2.612945112628651
2.8774131842605284    2.5626222559532033
2.9000902705313476    2.513247693343964
2.9229460764398376    2.4648040338177317
2.9459820104874574    2.4172741946521032
2.9691994922761475    2.3706413961534443
2.9925999525958296    2.3248891565085765
3.0161848335125723    2.280001286719246
3.039955588457479    2.2359618856179577
3.063913682316226    2.1927553343227375
3.088060591519351    2.1503662890787885
3.112397804133255    2.1087796788767585
3.1369268199518774    2.067980701728354
3.161649150589136    2.02795482005533
3.186566319572075    1.9886877561535732
3.211679862434774    1.9501654877308399
3.236991326812944    1.9123742435174274
3.2625022725393142    1.875300498948322
3.288214271739781    1.8389309719158833
3.314128908930249    1.8032526185921138
3.3402477811143085    1.768252629319196
3.366572497881633    1.7339184245675194
3.3931046815072006    1.7002376509598665
3.4198459670512276    1.6671981773610633
3.4467980024599507    1.634788091031915
3.473962448667199    1.6029956938463317
3.5013409796967143    1.5718094985709636
3.528935282765337    1.5412182252061162
3.5567470583869722    1.5112107973871431
3.5847780204774073    1.4817763388452967
3.613029896459895    1.4529041699272218
3.641504427371627    1.4245838041720775
3.670203367971045    1.396804944945398
3.699128486845942    1.3695574821289376
3.7282815665224733    1.3428314888655082
3.7576644035749993    1.3166172183578908
3.7872788087368203    1.290905100721159
3.8171266070117285    1.265685739358206
3.8472096377864937    1.2409499054598376
3.8775297549442365    1.2166885372007004
3.908088826978632    1.1928927379390335
3.9388887371090906    1.169553773307967
3.9699313833967893    1.1466630683545216
4.001218678861677    1.1242122047268481
4.032752551600318    1.1021929179091094
4.064534944904736    1.080597094503136
4.096567817382191    1.0594167695561238
4.128853143075835    1.0386441239336892
4.161392911586396    1.0182714817374754
4.194189128194769    0.9982913077666694
4.227243813985628    0.9786962050226125
4.260559005971924    0.9594789122559736
4.294136757220446    0.9406323015556413
4.327979136978364    0.9221493759787388
4.3620882308006985    0.9040232672211101
4.396466140678878    0.886247233327548
4.4311149851702565    0.8688146564412074
4.466036899528709    0.8517190405914947
4.501234035836159    0.8349540095198684
4.536708563135239    0.8185133045429077
4.57246266756297    0.8023907824519718
4.608498552485446    0.7865804134490455
4.64481843863364    0.771076279117937
4.6814245642402526    0.7558725704304547
4.718319185177666    0.7409635857868277
4.755504575096922    0.7263437290271129
4.792983025567858    0.7120075071680622
4.83075684622035    0.6979495288297797
4.8688283648866    0.6841645026062174
4.907199927744619    0.6706472352672251
4.945873899462795    0.657392629990996
4.984852663345652    0.6443956846271612
5.024138621480672    0.6316514899900537
5.063734194886346    0.61915522818161
5.103641823661407    0.6069021709434329
5.143863967135138    0.5948876780375567
5.184403104018971    0.583107195655377
5.225261732559219    0.5715562548543399
5.266442370691072    0.5602304700218899
5.307947556193707    0.5491255373662494
5.349779846846707    0.5382372334335378
5.391941820587719    0.5275614136508533
5.4344360756712575    0.5170940108948284
5.477265230828869    0.5068310340852583
5.520431925430484    0.4967685668033882
5.5639388196471185    0.48690276593442205
5.6077885946147425    0.47722986033386894
5.651983952599538    0.4677461495173276
5.6965276171644605    0.4584480023732791
5.741422333337015    0.44933185589856584
5.786670867778464    0.44039421395609946
5.8322760089543015    0.43163164605448834
5.878240567306137    0.4230407861491625
5.92456737542483    0.4146183313646479
5.971259288225071    0.40636104008848656
6.018319183121365    0.39826573132572324
6.065749960205277    0.3903292840440225
6.113554542424189    0.38254863607563594
6.161735875761458    0.3749207830351392
6.210296929417905    0.3674427772564826
6.259240695994831    0.3601117267489823
6.308570191678413    0.35292479417196704
6.358288456425634    0.3458791958277266
6.408398554151546    0.33897220067247424
6.458903572918116    0.33220112934499585
6.5098066251245745    0.3255633532126825
6.561110847699143    0.3190562934346592
6.612819402292396    0.3126774200416941
6.664935475472076    0.3064242510326183
6.717462278919516    0.3002943514869556
6.770403049627488    0.2942853326934952
6.823761050099722    0.2883948512945209
6.8775395685519936    0.2826206084454223
6.931741919114694    0.27696034898944166
6.986371442037109    0.27141186064726497
7.0414315038932385    0.2659729732212271
7.096925497789318    0.260641557813847
7.152856843572842    0.25541552606048545
7.209228988043351    0.2502928293758301
7.266045405164885    0.24527145821399554
7.32330959627999    0.2403494413420226
7.381025090325534    0.23552484510737576
7.439195444050166    0.2307957725546461
7.4978242422335475    0.22616036283512553
7.556915097907187    0.22161679066108397
7.616471652577141    0.2171632656432175
7.676497576448457    0.21279803163831817
7.736996568651272    0.20851936610880034
7.797972357468835    0.20432557949389787
7.859428700567224    0.2002150145923068
7.921369385226983    0.19618604595608716
7.983798228576425    0.1922370792956185
8.046719077826905    0.18836655089541554
8.110135810509952    0.1845729270406055
8.174052334716142    0.18085470345389576
8.23847258933598    0.17721040474282315
8.303400544302631    0.1736385838571216
8.368840200836598    0.17013782155601404
8.434795591692236    0.16670672588527286
8.501270781406307    0.16334393166384922
8.568269866548503    0.16004809997991973
8.63579697597381    0.15681791769618192
8.703856271077013    0.15365209696422436
8.772451946049117    0.1505493747478213
8.841588228135867    0.14750851235498005
8.911269377898176    0.14452829497859918
8.981499689474715    0.14160753124557657
9.052283490846605    0.13874505277420995
9.123625144104023    0.13593971373976113
9.195529045715093    0.13319039044000044
9.267999626796778    0.13049598077744284
9.341041353388018    0.1278554038882757
9.414658726724864    0.12526759981992203
9.488856283517904    0.12273152913628661
9.563638596231899    0.12024617252851381
9.639010273367457    0.11781053043296141
9.714975959745113    0.11542362265625176
9.79154033679152    0.11308448800727955
9.868708122828021    0.11079218393604835
9.946484073361319    0.10854578617921766
10.024872981376578    0.10634438841222867
10.103879677632857    0.10418710190789769
10.183509030960694    0.10207305520136331
10.263765948562227    0.10000139376126373
10.344655376313565    0.09797127966703362
10.426182299069653    0.0959818912922147
10.508351740971356    0.09403242299366917
10.591168765755132    0.09212208480658475
10.67463847706514    0.0902501021451666
10.758766018767643    0.08841571550892253
10.843556575268083    0.08661818019442936
10.929015371830523    0.0848567660124796
11.01514767489975    0.08313075701051986
11.101958792425684    0.0814394512002826
11.189454074190564    0.07978216029050679
11.27763891213868    0.07815820942466709
11.366518740708537    0.07656693692361312
11.456099037167828    0.07500769402912032
11.546385321950945    0.07347984459242489
11.637383158999258    0.07198276484740589
11.729098156103863    0.07051584323160934
11.821535965251236    0.06907848015357985
11.914702282971604    0.06767008776263764
12.008602850689867    0.06629008972300254
12.103243455079495    0.06493792099216557
12.198629928419104    0.06361302760344795
12.294768148951947    0.06231486645265408
12.391664041248054    0.061042905088760056
12.489323576569376    0.05979662150854819
12.587752773237849    0.05857550395512263
12.686957697006148    0.05737905072023517
12.786944461431563    0.05620676995034677
12.887719228252724    0.05505817945635783
12.989288207769404    0.05393280652693957
13.091657659225094    0.05283018774540063
13.194833891192804    0.05174986881002243
13.298823261963902    0.050691404357796586
13.4036321799398    0.04965435779150909
13.509267104026984    0.04863830111010016
13.615734544034986    0.047642814742243314
13.723041061077655    0.04666748738308695
13.83119326797735    0.04571191583409323
13.940197829672519    0.044775704845922026
14.05006146362852    0.04385846696430071
14.160790940251427    0.0429598223788251
14.272393083305335    0.04207939877329185
14.384874770332962    0.04121683115065123
14.498242933079322    0.04037176169307526
14.612504557919006    0.039543839653740843
14.72766668628666    0.03873272122068224
14.843736415111032    0.03793806938181354
14.96072089725216    0.037159553792536625
15.078627341942253    0.03639685064587676
15.197463015230042    0.03564964254510363
15.317235240428392    0.03491761837879179
15.43795139856572    0.034200473198270256
15.559618928840793    0.033497908097421335
15.682245329081283    0.032809630094781966
15.805838156205665    0.032135352017904864
15.930405026688993    0.03147479238993804
16.055953617032355    0.030827675318378035
16.18249166423578    0.030193730385960252
16.310026966275135    0.029572692543643607
16.43856738258263    0.02896430200564915
16.56812083453128    0.028368304146516563
16.69869530592287    0.027784449400139646
16.830298843480087    0.0272124931607427
16.96293955734244    0.026652195685760518
17.096625621565924    0.026103322000590325
17.23136527462683    0.025565641805174198
17.36716681992942    0.025038929382382676
17.50403862631772    0.024522963508162115
17.641989128591092    0.024017527363414806
17.78102682802411    0.023522408447100872
17.92116029289057    0.023037398476851073
18.062398158991297    0.02256229330452039
18.20474913018649    0.02209689285277484
18.348221978932003    0.021641001036116506
18.49282554682012    0.021194425682350377
18.6385687451242    0.02075697845557308
18.78546055534794    0.020328474780651633
18.93351002977897    0.01990873376916629
19.08272629204652    0.019497578146788912
19.23311853768377    0.019094834182069205
19.384696034694485    0.018700331616602204
19.5374681241243    0.018313903596550735
19.691444220636143    0.0179353866054976
19.846633813090534    0.017564620398600447
20.00304646513045    0.017201447938026665
20.160691815770473    0.016845715329642293
20.31957957999093    0.01649727176093163
20.479719549336536    0.01615596944012391
20.641121592519934    0.015821663536503675
20.80379565602963    0.015494212121883656
20.967751764743095    0.015173476113215558
21.13300002254462    0.014859319216318553
21.299550612947797    0.014551607870704721
21.46741379972319    0.014250211195478436
21.636599927530792    0.013955000936290764
21.807119422557683    0.013665851413327872
21.978982793160288    0.013382639470314235
22.152200630512112    0.0131052444243601
22.326783609256516    0.012833548010143197
22.50274248816432    0.012567434329758775
22.68008811079699    0.012306789815258597
22.858831406174776    0.012051503183141212
23.038983389450387    0.011801465388975479
23.22055516258759    0.011556569582913262
23.40355791504544    0.011316711066072892
23.58800292446803    0.011081787247777817
23.77390155737916    0.010851697603633529
23.961265269883032    0.010626343634426117
24.15010560837013    0.010405628825827512
24.340434210228935    0.01018945860889095
24.532262804562848    0.009977740321321909
24.72560321291311    0.009770383169509733
24.920467349987458    0.009567298191304223
25.116867224394102    0.00936839821952431
25.314814939381957    0.009173597846183183
25.514322693586397    0.00898281338741709
25.71540278178119    0.00879596284910333
25.918067595635925    0.00861296589315507
26.12232962447975    0.008433743804478908
26.328201456071202    0.008258219458582815
26.535695777373643    0.008086317289822079
26.744825375337296    0.007917963260270312
26.95560313768714    0.0077530848292038795
27.168042053717336    0.007591610923187351
27.382155215091387    0.007433471906749171
27.597955816649076    0.007278599553555178
27.815457157219754    0.007126927012507893
28.03467264044159    0.006978388776910475
28.255615775587767    0.00683292066677448
28.478300178398914    0.006690459803170073
28.702739571922372    0.006550944582139939
28.928947787357593    0.006414314649130099
29.156938764908624    0.006280510873927253
29.38672655464336    0.006149475326092878
29.618325317359076    0.006021151250884264
29.851749325455277    0.005895483045653199
30.087012963813155    0.005772416236712564
30.32413073068229    0.005651897456661898
30.56311723857375    0.005533874422163239
30.80398721516081    0.005418295912157801
31.046755504186685    0.005305111746515275
31.291437066378943    0.005194272765107283
31.538046980371668    0.005085730807296468
31.786600443634832    0.00497943869183306
32.03711277341051    0.004875350197151384
32.28959940765707    0.004773420042057735
32.544075906000366    0.0046736038668024815
32.80055795069292    0.004575858214528704
33.05906134757995    0.004480140513089959
33.31960202707359    0.004386409057229946
33.58219604513482    0.004294622991116731
33.84685958426252    0.004204742291225149
34.113608954491    0.00411672774955981
34.382460594394985    0.004030540957195184
34.653431072102904    0.003946144285941056
34.926537086317516    0.0038635008706221622
35.20179546734518    0.0037825745978038307
35.47922317813322    0.003703330091138737
35.75883731531489    0.003625732696470157
36.04065511026323    0.0035497484672330315
36.32469393015282    0.003475344150147084
36.61097127903029    0.0034024871711960504
36.89950479889265    0.003331145621887698
37.19031227077467    0.003261288245788649
37.48341161584485    0.0031928844253288294
37.778820896509416    0.003125904168870312
38.076558317525695    0.003060318098034869
38.37664222712387    0.0029960974352857255
38.67909111813793    0.002933213991757875
38.98392362914497    0.0028716401553325393
39.291158545613925    0.0028113488789505803
39.600814801063486    0.002752313669160275
39.91291147822848    0.0026945085748948405
40.2274678102361    0.0026379081764750633
40.54450318179104    0.002582487574832621
40.86403713037037    0.0025282223809496053
41.1860893474271    0.002475088705510259
41.5106796796039    0.002423063148760325
41.83782812995642    0.002372122790570088
42.16755485918546    0.002322245180697158
42.49988018687974    0.0022734083292447727
42.83482459276799    0.0022255906973050405
43.17240871798122    0.0021787711858826304
43.512653366324386    0.0021329291245412102
43.85557950555863    0.0020880442668001317
44.201208268693634    0.002044096782172368
44.549560955289536    0.0020010672476885026
44.90065903276979    0.0019589366395918266
45.254524137744006    0.0019176863252013427
45.61117807734157    0.0018772980549390747
45.97064283055509    0.0018377539545186544
46.33294054959512    0.0017990365172917172
46.69809356125546    0.0017611285967490463
47.06612436828867    0.001724013399173464
47.43705565079305    0.001687674476441186
47.81091026761024    0.0016520957189688993
48.187711257734165    0.0016172613488035267
48.567481841730356    0.0015831559128518175
48.95024542316718    0.0015497642762470059
49.33602559005837    0.001517071615849709
49.724846116316094    0.0014850634138804885
50.11673096321642    0.0014537254516813303
50.51170428087574    0.0014230438036034877
50.9097904097394    0.0013930048310191302
51.31101388208117    0.0013635951764544088
51.715399423515294    0.0013348017578413782
52.12297195452054    0.0013066117628863913
52.53375659197535    0.0012790126435527683
52.94777865070607    0.0012519921106552724
53.36506364504677    0.001225538128562943
53.78563729041202    0.0011996389088507196
54.20952550488099    0.001174282903244199
54.63675441079497    0.001149458801580991
55.06735033636746    0.001125155527518027
55.50133981730611    0.0011013622337307607
55.93874959844832    0.001078068297210195
56.37960663540927    0.001055263314655952
56.82393809624345    0.0010329370979632487
57.27177136311832    0.0010110796698020346
57.72313403400201    0.0009896812592863305
58.17805392436441    0.000968732297731924
58.636559068890676    0.0009482234145007555
59.098677723209335    0.0009281454329300361
59.56443836563326    0.0009084893663445985
60.03386969891517    0.0008892464141505824
60.507000652015776    0.0008704079580090003
60.98386038188685    0.0008519655580874031
61.46447827526842    0.0008339109493881241
61.94888395049902    0.0008162360381516061
62.43710725934143    0.0007989328983331491
62.92917828882204    0.0007819937681517384
63.42512736308545    0.0007654110467093494
63.92498504526258    0.0007491772906794341
64.4287821393544    0.0007332852110630671
64.93654969213061    0.0007177276700114276
65.44831899504224    0.0007024976777133057
65.96412158615051    0.0006875883893462324
66.48398925207005    0.0006729931020899103
67.00795402992829    0.0006587052515188231
67.53604820933904    0.0006447184071897149
68.06830433439278    0.0006310262718340363
68.60475520566244    0.0006176226791149837
69.14543388222417    0.0006045015909196287
69.69037368369486    0.0005916570947067711
70.23960819228593    0.0005790834009094081
70.79317125487206    0.0005667748403907279
71.3510969850776    0.0005547258619524606
71.9134197653785    0.0005429310298945841
72.48017424922168    0.0005313850216252627
73.05139536315983    0.0005200826253200642
73.62711830900413    0.0005090187376293621
74.20737856599402    0.0004981883614329907
74.79221189298278    0.0004875866036411715
75.38165433064174    0.00047720867304074284
75.97574220368107    0.00046704987818577874
76.57451212308878    0.000457105625331676
77.17800098838619    0.0004473714164118409
77.78624598990216    0.00043784284705606215
78.39928461106545    0.0004285156046497299
79.01715463071386    0.00041938546643309726
79.63989412542284    0.0004104482976396936
80.26754147185177    0.0004017000496731504
80.90013534910945    0.00039313675832159534
81.53771474113692    0.00038475454200890223
82.18031893911032    0.00037654960008198795
82.82798754386253    0.00036851821113342376
83.48076046832288    0.00036065673082660767
84.1386779399773    0.0003529615887081368
84.80178050334705    0.00034542928842386353
85.470109022488    0.0003380564067564241
86.14370468350789    0.0003308395920999002
86.82260899710492    0.00032377556296625694
87.50686380112637    0.0003168611065228977
88.19651126314595    0.00031009307716069634
88.89159388306301    0.0003034683950918475
89.59215449572122    0.00029698404497694255
90.29823627354908    0.0002906370745806336
91.00988272921943    0.0002844245934553195
91.7271377183313    0.0002783437716522359
92.45004544211325    0.00027239183845940653
93.1786504501461    0.0002665660811658861
93.91299764310894    0.0002608638438517395
94.65313227554662    0.00025528252620322494
95.39909995865762    0.0002498195823526706
96.15094666310543    0.00024447251974250465
96.9087187218515    0.00023923889801295283
97.6724628330104    0.00023411632791290522
98.44222606272737    0.00022910247023347435
99.21805584808008    0.00022419503476375156
100.00000000000004    0.00021939177926834282
