# Cosmological parameters
# z 0.56
# name challenge
# H0 67.6
# Omega_k 0.0
# Omega_b 0.048142572038794164
# Omega_c 0.26044573456811737
# Omega_m 0.31000006214536036
# Omega_de 0.6899208700952628
# Omega_nu 0.0014117555384487999
# N_eff 3.0460000000000003
# mass_neutrinos 0.06
# n_s 0.97
# A_s 2.0406217009089533e-09
# H_z 92.37432350363785
# D_A 1376.3884125628872
# D_M 2147.165923598104
# D_H 3245.4089689565485
# D_V 2031.0918199880045
# r_drag 147.7846253725727
# DM_rd 14.529020987027492
# DH_rd 21.960396494389755
# DV_rd 13.743593522448746
# sigma8 0.5983090348782009
# fsigma_8 0.4651622731152322
# f 0.7774615558160949
# 
# k[h/Mpc]  P_lin(k)
1.05e-05    25.500407772221436
1.0582751204153106e-05    25.6953245715855
1.0666154576095624e-05    25.891731262386095
1.0750215255605631e-05    26.089639238641023
1.0834938422968154e-05    26.289059981590793
1.092032929929438e-05    26.490005060367107
1.1006393146843435e-05    26.69248613266693
1.1093135269346655e-05    26.896514945431242
1.118056101233444e-05    27.102103335529463
1.1268675763465675e-05    27.309263230448835
1.1357484952859742e-05    27.518006648988887
1.1446994053431166e-05    27.728345701962425
1.153720858122687e-05    27.94029259273386
1.1628134095766115e-05    28.153859609112278
1.1719776200383111e-05    28.369059119323424
1.1812140542572315e-05    28.58590358466392
1.1905232814336468e-05    28.804405561281403
1.1999058752537366e-05    29.024577700894397
1.2093624139249399e-05    29.246432751515922
1.2188934802115873e-05    29.469983558183305
1.2284996614708141e-05    29.695243063693766
1.2381815496887565e-05    29.92222430934475
1.247939741517033e-05    30.150940435680816
1.2577748383095143e-05    30.381404683244924
1.2676874461593802e-05    30.61363039333689
1.2776781759364725e-05    30.847631011313084
1.287747643324938e-05    31.083420109448095
1.2978964688611728e-05    31.321011377702792
1.3081252779720611e-05    31.56041861130056
1.3184347010135188e-05    31.801655711391778
1.328825373309339e-05    32.044736685870724
1.3392979351903437e-05    32.28967565020062
1.3498530320338459e-05    32.53648682824089
1.3604913143034196e-05    32.78518455308623
1.3712134375889864e-05    33.03578326790689
1.3820200626472158e-05    33.28829752679991
1.3929118554422455e-05    33.54274199564401
1.4038894871867203e-05    33.79913145295649
1.4149536343831574e-05    34.05748077971923
1.4261049788656358e-05    34.31780493716964
1.4373442078418141e-05    34.58011899400113
1.4486720139352811e-05    34.84443813346955
1.4600890952282385e-05    35.110777654257184
1.4715961553045204e-05    35.37915297134762
1.483193903292952e-05    35.649579616903175
1.494883053911051e-05    35.92207324115167
1.5066643275090714e-05    36.19664961327859
1.5185384501143958e-05    36.47332462232583
1.5305061534762776e-05    36.752114278098155
1.542568175110935e-05    37.033034712075086
1.554725258347001e-05    37.31610217926869
1.566978152371331e-05    37.601333084055355
1.579327612275173e-05    37.88874398462537
1.591774399100699e-05    38.178351567738666
1.6043192798879057e-05    38.47017264828213
1.616963027721884e-05    38.76422417025667
1.6297064217804594e-05    39.06052320777448
1.6425502473822102e-05    39.3590869660624
1.6554952960348637e-05    39.659932782472566
1.6685423654840725e-05    39.96307812750359
1.6816922597625754e-05    40.26854060582643
1.6949457892397484e-05    40.5763379573202
1.708303770671541e-05    40.886488058115575
1.7217670272508142e-05    41.1990089171072
1.735336388658064e-05    41.513918651282545
1.749012691112555e-05    41.83123550371613
1.7627967774238534e-05    42.150977856495025
1.7766894970437622e-05    42.47316423181111
1.7906917061186715e-05    42.79781329302393
1.8048042675423193e-05    43.12494384573457
1.8190280510089664e-05    43.454574838866414
1.8333639330669926e-05    43.78672536575356
1.8478127971729135e-05    44.121414665239236
1.862375533745826e-05    44.45866212278062
1.877053040222279e-05    44.79848727156247
1.891846221111578e-05    45.14090979364116
1.9067559880515297e-05    45.485949525088856
1.9217832598646165e-05    45.83362646208806
1.9369289626146244e-05    46.18396075466428
1.952194029663709e-05    46.536972706710735
1.9675794017299166e-05    46.892682777160786
1.9830860269451546e-05    47.251111581170875
1.9987148609136224e-05    47.61227989131274
2.0144668667707002e-05    47.97620863877457
2.0303430152423015e-05    48.342918914570625
2.046344284704697e-05    48.71243197076074
2.0624716612448056e-05    49.084769221678584
2.0787261387209646e-05    49.45995224517075
2.095108718824174e-05    49.83800278477494
2.1116204111398287e-05    50.218942765315816
2.1282622332099337e-05    50.60279429186009
2.1450352105958102e-05    50.98957963928272
2.1619403769412976e-05    51.37932125321601
2.1789787740364513e-05    51.77204175136431
2.1961514518817446e-05    52.16776392482668
2.2134594687527743e-05    52.56651073943005
2.2309038912654782e-05    52.96830533707198
2.2484857944418657e-05    53.37317103707752
2.2662062617762677e-05    53.78113133756072
2.2840663853021055e-05    54.19220991680041
2.3020672656591902e-05    54.60643063462709
2.320210012161547e-05    55.023817523892674
2.3384957428657818e-05    55.44439475524865
2.356925584639978e-05    55.86818666993194
2.3755006732331424e-05    56.29521779421172
2.3942221533451955e-05    56.72551284078872
2.413091178697516e-05    57.15909671020405
2.4321089121040354e-05    57.59599449226132
2.4512765255429037e-05    58.036231467453725
2.470595200228706e-05    58.47983310840787
2.4900661266852594e-05    58.92682508133401
2.5096905048189806e-05    59.377233247490395
2.5294695439928272e-05    59.831083664655125
2.5494044631008287e-05    60.288402589126314
2.5694964906432002e-05    60.74921651010892
2.5897468648020486e-05    61.21355217239034
2.6101568335176775e-05    61.681436530788744
2.630727654565492e-05    62.152896747069775
2.651460595633509e-05    62.62796019154669
2.6723569344004787e-05    63.10665444468509
2.6934179586146267e-05    63.58900729872699
2.714644966173004e-05    64.0750467593234
2.7360392652014793e-05    64.56480104718024
2.7576021741353463e-05    65.05829859971946
2.7793350218005773e-05    65.5555680727491
2.801239147495711e-05    66.05663834215011
2.8233159010743865e-05    66.56153850035363
2.8455666430285313e-05    67.07029780792091
2.867992744572201e-05    67.5829457155379
2.8905955877260796e-05    68.09951189748737
2.9133765654026495e-05    68.62002625377552
2.936337081492032e-05    69.14451891184217
2.9594785509484977e-05    69.67302022828498
2.9828023998776676e-05    70.20556079059033
3.0063100656243963e-05    70.74217141888373
3.0300029968613516e-05    71.2828831676887
3.0538826536782855e-05    71.82772732770118
3.077950507672015e-05    72.3767354275781
3.102208042037113e-05    72.92993923574102
3.1266567516573064e-05    73.4873707793095
3.1512981431976e-05    74.0490623858188
3.1761337351971285e-05    74.61504664193768
3.201165058162735e-05    75.18535638409459
3.22639365466329e-05    75.76002470039646
3.25182107942475e-05    76.33908493256617
3.277448899425974e-05    76.92257067788911
3.303278693995286e-05    77.51051579118185
3.329312054907802e-05    78.10295438676698
3.355550586483523e-05    78.69992084047473
3.381995905686207e-05    79.3014497916476
3.408649642223008e-05    79.90757614517064
3.435513438644914e-05    80.51833507217937
3.4625889504479664e-05    81.13376197144974
3.489877846175283e-05    81.75389246255367
3.517381807519878e-05    82.37876243315146
3.5451025294283076e-05    83.00840804380472
3.5730417202051096e-05    83.64286573004246
3.601201101618086e-05    84.28217220443996
3.62958240900441e-05    84.926364458714
3.658187391377558e-05    85.57547976583798
3.687017811535101e-05    86.22955568216658
3.7160754461673376e-05    86.88863004957966
3.7453620859667804e-05    87.55274099764125
3.774879535738509e-05    88.22192694577866
3.8046296145113926e-05    88.89622661386605
3.834614155650192e-05    89.57567907672619
3.864835006968536e-05    90.26032373425875
3.8952940308427946e-05    90.9502002881617
3.9259931043268576e-05    91.64534874413904
3.956934119267795e-05    92.34580941423347
3.988118982422455e-05    93.05162291917881
4.019549615574962e-05    93.76283019076769
4.051227955655151e-05    94.47947247424001
4.083155954857932e-05    95.20159133068623
4.115335580763591e-05    95.92922863947643
4.14776881645905e-05    96.66242660069624
4.180457660660069e-05    97.40122773753475
4.2134041278344214e-05    98.14567487695163
4.246610248326038e-05    98.8958111217082
4.2800780684801246e-05    99.65167989553085
4.3138096507692706e-05    100.41332495282691
4.3478070739205515e-05    101.18079038119889
4.3820724330436305e-05    101.95412060396748
4.4166078397598685e-05    102.73336038272416
4.4514154223324576e-05    103.51855481989617
4.486497325797574e-05    104.30974936133224
4.521855712096569e-05    105.10698979890924
4.557492760209197e-05    105.91032227315846
4.5934106662879e-05    106.71979327590915
4.629611643793143e-05    107.5354496542218
4.666097923629822e-05    108.35733863485488
4.7028717542847436e-05    109.18550782478734
4.739935401965192e-05    110.02000519512454
4.777291150738579e-05    110.86087908322135
4.8149413026732074e-05    111.70817819547405
4.852888177980136e-05    112.56195161013582
4.891134115156158e-05    113.42224878015645
4.9296814711279224e-05    114.28911953603917
4.9685326213971684e-05    115.16261408872424
5.007689960187132e-05    116.04278303248758
5.0471559005900764e-05    116.92967734786755
5.086932874716008e-05    117.82334840461294
5.127023333842559e-05    118.72384796214781
5.167429748566041e-05    119.63122816237926
5.2081546089537e-05    120.54554154097738
5.249200424697174e-05    121.46684103424413
5.290569725267145e-05    122.39517998215915
5.3322650600692246e-05    123.330612131459
5.374288998601059e-05    124.27319163872694
5.4166441306106813e-05    125.22297307352156
5.459333066256101e-05    126.18001142150855
5.502358436266154e-05    127.14436208763915
5.545722892102634e-05    128.11608089933733
5.5894291061236775e-05    129.0952241097137
5.6334797717484537e-05    130.08184840067585
5.677877603623155e-05    131.07601087592116
5.7226253377882766e-05    132.07776905644195
5.7677257318472353e-05    133.0871808993949
5.813181565136303e-05    134.10430480312863
5.858995638895891e-05    135.12919961053535
5.9051707764431726e-05    136.16192461241505
5.951709823346068e-05    137.2025395508811
5.998615647598617e-05    138.25110462277794
6.045891139797709e-05    139.307680483134
6.0935392133212205e-05    140.37232824863705
6.141562804507553e-05    141.44510950113255
6.189964872836596e-05    142.52608629115664
6.238748401112088e-05    143.6153211427176
6.287916395645448e-05    144.71287706992666
6.337471886441043e-05    145.81881757599137
6.387417927382897e-05    146.93320664809895
6.437757596422904e-05    148.05610876095565
6.488493995770505e-05    149.18758888048518
6.539630252083859e-05    150.32771246756766
6.59116951666253e-05    151.4765454818005
6.643114965641679e-05    152.63415438528972
6.695469800187811e-05    153.80060614646757
6.748237246696031e-05    154.97596824394347
6.801420556988882e-05    156.1603086703796
6.855023008516743e-05    157.35369593639584
6.909047904559791e-05    158.5561990609239
6.963498574431585e-05    159.7678875399609
7.018378373684219e-05    160.9888313867086
7.073690684315124e-05    162.21910114598626
7.129438914975476e-05    163.45876789824732
7.185626501180261e-05    164.70790326362223
7.24225690551999e-05    165.96657940599428
7.29933361787408e-05    167.23486903710275
7.35686015562592e-05    168.5128454206812
7.414840063879641e-05    169.80058237662493
7.47327691567857e-05    171.0981542851803
7.532174312225428e-05    172.40563609118956
7.591535883104262e-05    173.7231033098636
7.65136528650411e-05    175.05063208493112
7.711666209444444e-05    176.38829920925986
7.772442368002382e-05    177.73618206591124
7.833697507541699e-05    179.09435862828695
7.895435402943632e-05    180.46290746461966
7.957659858839504e-05    181.8419077425212
8.020374709845201e-05    183.23143923353933
8.083583820797468e-05    184.63158231777035
8.147291086992093e-05    186.04241798850202
8.211500434423948e-05    187.46402785687985
8.276215820028935e-05    188.89649415662683
8.34144123192783e-05    190.33989974878605
8.407180689672058e-05    191.7943281083166
8.473438244491404e-05    193.25986320442388
8.540217979543653e-05    194.73658957626918
8.60752401016625e-05    196.22459240225854
8.675360484129875e-05    197.7239575052086
8.743731581894068e-05    199.23477135717482
8.812641516864858e-05    200.7571210843242
8.882094535654406e-05    202.291094471836
8.9520949183427e-05    203.8367799688443
9.022646978741347e-05    205.39426669341123
9.093755064659371e-05    206.9636444375411
9.16542355817118e-05    208.54500367223642
9.237656875886602e-05    210.1384355526525
9.310459469223064e-05    211.74403195388103
9.383835824679913e-05    213.36188552434143
9.457790464114894e-05    214.992089627562
9.532327945022827e-05    216.6347383356655
9.607452860816442e-05    218.28992643471915
9.683169841109469e-05    219.95774943012523
9.759483552001932e-05    221.6383035520521
9.836398696367705e-05    223.33168576090608
9.913920014144324e-05    225.03799375284805
9.992052282625086e-05    226.75732596534334
0.0001007080031675347    228.48978158276256
0.00010150168969419836    230.2354605420177
0.00010230163131760505    231.99446353455332
0.00010310787733459163    233.76689194074044
0.00010392047743050673    235.55284783822646
0.00010473948168227248    237.35243407292035
0.00010556494056147057    239.1657542673408
0.00010639690493745276    240.99291282643028
0.00010723542608047543    242.83401494340032
0.00010808055566485931    244.689166605625
0.000108932345772174    246.55847460057305
0.00010979084889444735    248.44204652179485
0.0001106561179374004    250.33999077494033
0.00011152820622370784    252.25241658382842
0.00011240716749628383    254.17943399656036
0.0001132930559215941    256.12115391206675
0.00011418592609299383    258.0776881775102
0.00011508583303409223    260.04914952454084
0.00011599283220214316    262.03565153927013
0.0001169069794914628    264.03730866869853
0.00011782833123687435    266.054236227182
0.00011875694421717935    268.0865504029973
0.00011969287565865699    270.1343682649019
0.00012063618323859051    272.19780776879645
0.0001215869250888218    274.2769877643857
0.00012254515979933357    276.372028001932
0.0001235109464218602    278.4830491390329
0.00012448434447352675    280.6101727458129
0.00012546541394051674    282.7535211503755
0.00012645421528176872    284.9132173036284
0.0001274508094327023    287.0893850449463
0.00012845525780897323    289.28214914018656
0.00012946762231025798    291.4916352884901
0.0001304879653240688    293.71797012913044
0.0001315163497295979    295.96128124842323
0.00013255283890159272    298.22169718665606
0.00013359749671426128    300.49934744510387
0.0001346503875452085    302.79436249306576
0.00013571157627940365    305.1068737749673
0.0001367811283131785    307.43701371751536
0.00013785910955825819    309.78491575260585
0.0001389455864458221    312.1507145094126
0.00014004062593059844    314.53454576584227
0.00014114429549499005    316.93654632484333
0.00014225666315323315    319.3568540193962
0.00014337779745558868    321.7956077201772
0.00014450776749256678    324.25294734329725
0.0001456466428991846    326.72901385808876
0.0001467944938592575    329.22394929493714
0.00014795139110972412    331.7378967531889
0.00014911740594500573    334.27100040912177
0.00015029261022139975    336.8234055239405
0.00015147707636150782    339.39525845186506
0.0001526708773586989    341.9867065880075
0.00015387408678160783    344.5978982034283
0.00015508677877866859    347.2289826222252
0.00015630902808268398    349.88011028360324
0.00015754091001543102    352.551432750032
0.0001587825004923028    355.24310271548484
0.00016003387602698648    357.95527401372584
0.00016129511373617908    360.68810162665403
0.00016256629134433923    363.4417416927171
0.00016384748718847723    366.2163515153682
0.00016513878022298271    369.0120895716105
0.00016644025002449006    371.8291155205608
0.00016775197679678254    374.6675902102964
0.00016907404137573464    377.5276756110381
0.0001704065252342941    380.40953479439435
0.0001717495104875022    383.3133320360272
0.00017310307989755437    386.2392328316112
0.00017446731687890051    389.1874039056816
0.00017584230550338534    392.1580132205486
0.00017722813050542955    395.15122998525567
0.0001786248772872512    398.16722466463165
0.00018003263192412942    401.2061689883883
0.000181451481169708    404.2682359602721
0.00018288151246134213    407.3535998672981
0.00018432281392548666    410.462436289051
0.00018577547438312697    413.59492210237516
0.00018723958335525257    416.75123545584705
0.00018871523106837377    419.93155579756603
0.00019020250846008238    423.1360639038802
0.00019170150718465507    426.3649418891151
0.00019321231961870233    429.61837321521966
0.00019473503886686068    432.8965427014933
0.0001962697587675307    436.19963653435497
0.00019781657389865946    439.52784227721406
0.0001993755795835696    442.88134888037945
0.00020094687189683286    446.26034669104905
0.00020253054767019126    449.66502746337545
0.00020412670449852433    453.0955843683533
0.00020573544074586322    456.5522118524404
0.00020735685555145283    460.0351053800401
0.00020899104883586082    463.5444617758528
0.00021063812130713588    467.08047930300523
0.00021229817446701343    470.6433576731886
0.00021397131061717077    474.2332980568101
0.00021565763286553167    477.8505030932498
0.00021735724513262042    481.4951769011683
0.0002190702521579658    485.16752508888396
0.00022079675950655586    488.86775476482984
0.00022253687357534364    492.5960745480513
0.0002242907015998034    496.35269457881344
0.00022605835166053954    500.1378265318735
0.00022783993268994684    503.95168368457104
0.0002296355544789236    507.7944809294508
0.00023144532768363765    511.66643472966376
0.00023326936383234536    515.5677631274765
0.000235107775332265    519.4986857553644
0.00023696067547650338    523.459423847171
0.0002388281784510381    527.4502002493275
0.000240710399341754    531.4712394321696
0.00024260745414153548    535.522767501327
0.00024451945975741466    539.6050122091581
0.00024644653401777595    543.7182029663034
0.00024838879567961697    547.862570853286
0.0002503463644358673    552.0383485289274
0.00025231936092276453    556.2457697344902
0.00025430790672728847    560.485069672968
0.00025631212439465416    564.7564852352398
0.0002583321374358635    569.060255011798
0.0002603680703353172    573.3966193042985
0.0002624200485584856    577.7658201371228
0.00026448819855964107    582.1681012690628
0.00026657264778965023    586.6037082050553
0.00026867352470382887    591.0728882079752
0.00027079095876985764    595.575890310536
0.0002729250804757604    600.1129653272314
0.00027507602133794646    604.684365865783
0.00027724391390931415    609.290346265656
0.00027942889178742046    613.9311625357333
0.00028163108962271356    618.6070724913076
0.00028385064312683086    623.3183357829147
0.00028608768908096224    628.06521390859
0.00028834236534427927    632.8479702261891
0.0002906148108624311    637.6668699658109
0.0002929051656761067    642.5221802422723
0.00029521357092966515    647.4141700676737
0.0002975401688798336    652.3431103640203
0.0002998851029044741    657.309273975943
0.00030224851751141916    662.3129356834729
0.0003046305583473774    667.3543721668457
0.0003070313722069088    672.4338613921391
0.00030945110704147093    677.5516827798606
0.00031188991196853707    682.7081176887054
0.00031434793728078497    687.9034494392231
0.0003168253344553593    693.1379633263203
0.0003193222561632061    698.411946631865
0.0003218388562784815    703.7256886373294
0.00032437528988803427    709.079480636545
0.0003269317133009627    714.4736159484505
0.00032950828405824774    719.9083899300324
0.0003321051609424615    725.3840999891698
0.0003347225039875521    730.9010455977027
0.0003373604744887056    736.4595282081607
0.0003400192350122869    742.059850960696
0.000342698949405857    747.7023189800697
0.00034539978280827033    753.3872394891097
0.0003481219016598519    759.1149218217298
0.00035086547371265397    764.8856774359755
0.00035363066804079425    770.699819927195
0.00035641765505087453    776.5576650412175
0.0003592266064924828    782.4595306876131
0.00036205769546877685    788.4057369530663
0.0003649110964471521    794.3966061147244
0.00036778698526999335    800.4324626537148
0.0003706855391655109    806.5136332565104
0.00037360693675866214    812.6404462383011
0.00037655135808216053    818.8132312695942
0.0003795189845875689    825.0323201660538
0.0003825099991564818    831.2980469672743
0.0003855245861117964    837.6107479497288
0.00038856293122907065    843.9707616398164
0.0003916252217479723    850.3784288269025
0.00039471164638381714    856.8340925764912
0.00039782239533919973    863.3380982434015
0.0004009576603157133    869.8907934849983
0.0004041176345257645    876.4925282745055
0.00040730251270448007    883.1436549143496
0.00041051249112170697    889.8445279570841
0.00041374776759410824    896.5955034525066
0.00041700854149735305    903.3969393271101
0.00042029501377840425    910.2491958425935
0.0004236073869679005    917.1526356130468
0.0004269458651926381    924.1076236178094
0.00043031065418815064    931.1145272143726
0.0004337019613113869    938.1737161513271
0.0004371199955534898    945.2855625813173
0.0004405649675526758    952.4504410741127
0.00044403708960721476    959.6687286296583
0.00044753657568851363    966.9408046911718
0.0004510636414543025    974.2670511580058
0.0004546185042619244    981.6478520341811
0.00045820138318173    989.0835927211443
0.00046181249901057817    996.5746608759987
0.0004654520742854431    1004.1214466147384
0.0004691203332971271    1011.7243425246285
0.0004728175021040838    1019.3837436766973
0.00047654380854634826    1027.1000476381878
0.0004802994822595787    1034.8736544850744
0.00048408475468920666    1042.704966814574
0.00048789985910470114    1050.594389757712
0.0004917450306139436    1058.5423309919247
0.0004956205061777161    1066.5492007536016
0.0004995265246243045    1074.615411806514
0.0005034633266642168    1082.7413783545674
0.0005074311549050161    1090.927515941811
0.0005114302538662726    1099.174242589122
0.0005154608699946308    1107.481978863113
0.0005195232516789989    1115.8511478874213
0.0005236176492658537    1124.2821753541114
0.0005277443150746698    1132.7754895349206
0.0005319035034134685    1141.3315212926911
0.0005360954705944896    1149.950704092653
0.0005403204749499866    1158.6334740137777
0.0005445787768481476    1167.3802697601207
0.0005488706387091392    1176.1915326721598
0.0005531963250212788    1185.06770650029
0.0005575561023573346    1194.009236131849
0.000561950239390952    1203.0165684767217
0.000566379006913212    1212.0901530531908
0.0005708426778493174    1221.23044199926
0.0005753415272754141    1230.4378900826503
0.000579875832435541    1239.7129547106936
0.0005844458727587148    1249.0560959403247
0.0005890519298761524    1258.4677764878807
0.0005936942876386253    1267.9484617390435
0.0005983732321339507    1277.498619758598
0.0006030890517046243    1287.1187213003
0.0006078420369655873    1296.8092398110284
0.0006126324808221382    1306.5706505240341
0.0006174606784879796    1316.4034294091812
0.000622326927503415    1326.3080548282103
0.0006272315277536831    1336.2850077840144
0.0006321747814874363    1346.3347719284545
0.0006371569933353711    1356.4578335701617
0.0006421784703289972    1366.6546816822508
0.0006472395219195618    1376.9258079099695
0.0006523404599971163    1387.2717065782901
0.0006574815989097402    1397.6928746994531
0.0006626632554829113    1408.1898119803973
0.000667885749039028    1418.7630208301318
0.0006731494014170931    1429.4130062653792
0.0006784545369925412    1440.140274439777
0.0006838014826972341    1450.9453329346238
0.0006891905680396031    1461.8286919397576
0.000694622125124959    1472.7908642915859
0.0007000964886759575    1483.8323654783674
0.0007056139960532239    1494.9537136454253
0.0007111749872761471    1506.1554296001902
0.0007167798050438298    1517.4380368172372
0.0007224287947562111    1528.802061443111
0.0007281223045353501    1540.2480323010975
0.000733860685246877    1551.7764808959007
0.0007396442905216207    1563.3879414181497
0.0007454734767773952    1575.0829500586278
0.0007513486032409701    1586.8620425902102
0.0007572700319702027    1598.7257565056977
0.0007632381278763545    1610.6746318593662
0.000769253258746577    1622.7092112685223
0.0007753157952665749    1634.8300399146597
0.0007814261110434546    1647.0376655446796
0.0007875845826287426    1659.3326384717393
0.0007937915895415954    1671.7155115761389
0.0008000475142921833    1684.186840305873
0.0008063527424052667    1696.7471826771286
0.0008127076624439524    1709.3970992745642
0.0008191126660336373    1722.1371532228989
0.000825568147886147    1734.9679085298098
0.0008320745058240541    1747.8899291119906
0.0008386321408052014    1760.9037811009987
0.000845241456947404    1774.010033057081
0.0008519028615533584    1787.2092559660368
0.0008586167651357414    1800.5020232356876
0.0008653835814425059    1813.8889106923268
0.0008722037274823821    1827.3704965767608
0.0008790776235505718    1840.9473615403033
0.0008860056932546544    1854.6200886404063
0.0008929883635406856    1868.3892633361047
0.0009000260647195142    1882.25547348332
0.0009071192304932979    1896.2193089898449
0.0009142682979822271    1910.2813587063174
0.0009214737077514695    1924.4422117573324
0.0009287359038383133    1938.702459445378
0.0009360553337795371    1953.0626952654789
0.0009434324486389839    1967.5235148958593
0.0009508677030353636    1982.08551618833
0.0009583615551702667    1996.7492991584747
0.0009659144668563981    2011.5154659755144
0.0009735269035460437    2026.3846209517571
0.0009811993343597464    2041.3573705319548
0.0009889322321152228    2056.4343232822253
0.0009967260733564941    2071.6160898778758
0.0010045813383832605    2086.903281266222
0.0010124985112804949    2102.2965046322647
0.0010204780799482744    2117.7963678629812
0.001028520536131853    2133.4034806433906
0.0010366263754519585    2149.1184544391203
0.0010447960974353419    2164.941902478576
0.0010530302055455551    2180.874439734739
0.0010613292072139823    2196.9166829065884
0.0010696936138711085    2213.0692504001254
0.001078123940978034    2229.3327623090554
0.0010866207080582467    2245.7078403949877
0.0010951844387296294    2262.1951080673457
0.0011038156607367357    2278.7951902194586
0.0011125149059833099    2295.508709136456
0.001121282710565062    2312.3362837528666
0.001130119614802712    2329.278534034393
0.0011390261632752802    2346.3360812047767
0.0011480029048536544    2363.5095477184395
0.0011570503927344068    2380.7995572326145
0.001166169184473892    2398.206734579126
0.001175359842022603    2415.7317057356227
0.0011846229317598006    2433.3750977962623
0.001193959024528421    2451.1375389420305
0.0012033686956702489    2469.019658410583
0.0012128525250613795    2487.022086465421
0.0012224110971479473    2505.1454530477495
0.0012320450009821481    2523.3903799343816
0.0012417548302585384    2541.7574856915926
0.0012515411833506171    2560.2473893502847
0.00126140466334771    2578.8607103785057
0.0012713458780921254    2597.5980686406706
0.0012813654402166227    2616.460084356275
0.0012914639671821558    2635.4473780577764
0.0013016420813159336    2654.560570548252
0.0013119004098497676    2673.80028285809
0.0013222395849587217    2693.167136201329
0.0013326602438000785    2712.6617519313286
0.0013431630285525953    2732.284751480972
0.0013537485864560876    2752.036752983282
0.001364417569851307    2771.9183668581964
0.0013751706362201495    2791.9302021096373
0.0013860084482261704    2812.0728672955634
0.001396931673755417    2832.3469704742756
0.0014079409859575965    2852.7531191499484
0.0014190370632875488    2873.2919202174544
0.001430220589547067    2893.9639799066763
0.0014414922539270274    2914.769903725923
0.0014528527510498685    2935.7102964047795
0.001464302781012396    2956.7857618362937
0.0014758430494289214    2977.996903018298
0.001487474267474754    2999.3443214112185
0.0014991971519300199    3020.8286074127172
0.0015110124252238418    3042.4503415684753
0.0015229208154788484    3064.210102472202
0.0015349230565560581    3086.1084669515135
0.0015470198881000956    3108.146009996058
0.00155921205558477    3130.323304685152
0.001571500310359026    3152.640922114402
0.0015838854096932344    3175.09943132167
0.0015963681168258673    3197.6993992121606
0.001608949201010532    3220.4413904828552
0.0016216294375633697    3243.3259675459954
0.001634409607910846    3266.353690451812
0.001647290499637896    3289.525114750004
0.0016602729065364693    3312.840783446511
0.0016733576286544374    3336.3012335976855
0.0016865454723449076    3359.9069991483916
0.0016998372503159098    3383.6586108446472
0.0017132337816804755    3407.556596145014
0.001726735892007128    3431.6014791309385
0.0017403444133707443    3455.7937804164935
0.0017540601844038468    3480.134017057131
0.001767884050348269    3504.6227024575082
0.001781816863107258    3529.2603462787642
0.0017958594812979673    3554.047454344604
0.001810012770304365    3578.9845284483035
0.001824277602330574    3604.0720593156357
0.0018386548564546116    3629.3105216864537
0.0018531454186825724    3654.700384456093
0.0018677501820032188    3680.2421116334376
0.0018824700464430233    3705.9361622338624
0.001897305919121626    3731.782990171125
0.0019122587143077332    3757.783044148398
0.001927329353475471    3783.9367675486724
0.0019425187653611584    3810.2445983238363
0.001957827886020554    3836.706968883486
0.0019732576588865278    3863.3243059822425
0.001988809034827213    3890.0970306067643
0.0020044829722045978    3917.025556604526
0.002020280436933581    3944.110277905156
0.002036202402541508    3971.351573266692
0.002052249850228151    3998.7498144256133
0.002068423768926191    4026.3053660952955
0.002084725155362148    4054.0185858379755
0.002101155014117813    4081.889823936244
0.002117714357692156    4109.919423263425
0.0021344042065637122    4138.107719153145
0.0021512255892534855    4166.455039268312
0.002168179542388313    4194.961703468916
0.0021852671107647687    4223.628023679197
0.0022024893474135265    4252.454303753602
0.0022198473136642743    4281.4408359556965
0.0022373420792111097    4310.587892531704
0.002254974722178455    4339.895734369319
0.0022727463291875123    4369.36461326278
0.002290657995423209    4398.9947717691275
0.0023087108247017065    4428.786443063073
0.0023269059295384083    4458.7398507915905
0.0023452444312165323    4488.855208927557
0.002363727459856204    4519.132721622685
0.0023823561544840948    4549.572583059727
0.002401131663103632    4580.174977304209
0.002420055142765724    4610.940078155174
0.002439127759640084    4641.868048654947
0.002458350689087084    4672.959029811813
0.0024777251157301855    4704.21313761882
0.0024972522335289554    4735.630475660625
0.0025169332458526267    4767.211135775322
0.002536769365554275    4798.955197892219
0.002556761815045544    4830.862729869216
0.0025769118263719907    4862.933787329527
0.002597220641289008    4895.168413497832
0.0026176895113383374    4927.566639036237
0.002638319697925216    4960.128481879105
0.0026591124723960888    4992.853947068191
0.0026800691161169778    5025.743026586855
0.0027011909205524277    5058.795697339572
0.002722479187345108    5092.0119089162245
0.002743935228396022    5125.391590644151
0.002765560365945345    5158.934657512303
0.0027873559326539264    5192.641010026439
0.0028093232716853937    5226.510534034062
0.002831463736788949    5260.543100549581
0.0028537786923827713    5294.738565578791
0.002876269513638118    5329.09676994351
0.002898937586564065    5363.617539105665
0.00292178430809291    5398.300682991603
0.002944811086166277    5433.14599581614
0.0029680193398218644    5468.153255882747
0.0029914104992809104    5503.322217728186
0.0030149860060363137    5538.652600626925
0.0030387473129414814    5574.14410393444
0.003062695884299857    5609.796409651402
0.003086833195955149    5645.609182239312
0.0031111607353823006    5681.582068436374
0.0031356800017791333    5717.714697073199
0.003160392506158758    5754.006678889311
0.0031852997714426705    5790.457606349398
0.003210403332554622    5827.067053460279
0.003235704736515199    5863.834575588017
0.0032612055425371546    5900.759709275425
0.003286907322121512    5937.8419709658765
0.003312811659154389    5975.080836916588
0.0033389201500046268    6012.475744541372
0.003365234403622145    6050.026110000346
0.003391756041637115    6087.731328667347
0.0034184866984598838    6125.590774939768
0.003445428021381686    6163.603802049986
0.0034725816706761823    6201.769741877091
0.0034999493197017486    6240.087904759524
0.0035275326550046238    6278.557579309
0.003555333376422817    6317.178032225085
0.0035833531971908843    6355.948508111146
0.003611593844045499    6394.86822929103
0.003640057057331852    6433.936389382042
0.003668744591110923    6473.15212659991
0.003697658213267553    6512.514544783054
0.00372679970561941    6552.022723551968
0.0037561708640267886    6591.675718126731
0.0037857734985032665    6631.472559140986
0.003815609433327275    6671.412252457407
0.0038456805071544913    6711.493778984917
0.003875988573131176    6751.7160944979305
0.003906535499008345    6792.078129457184
0.003937323167256896    6832.578788832533
0.003968353475183606    6873.21695192807
0.003999628335048044    6913.991471941838
0.0040311496741804375    6954.901152608023
0.004062919435100421    6995.944729331097
0.004094939575636768    7037.12090536362
0.00412721206904802    7078.428355792849
0.00415973890414411    7119.865727366231
0.004192522085408917    7161.4316383198075
0.004225563633123781    7203.124678209193
0.004258865583492028    7244.9434077433625
0.004292429988764426    7286.886358622252
0.004326258917365682    7328.952033376255
0.004360354454021883    7371.1389052098775
0.004394718699888993    7413.445417848024
0.004429353772682328    7455.869984026601
0.004464261806807047    7498.410970220855
0.004499444953489718    7541.066701632218
0.0045349053809108485    7583.835472550071
0.004570645274338545    7626.715546403716
0.004606666836263136    7669.705155625791
0.00464297228653294    7712.802501520345
0.004679563862491048    7756.005754134417
0.0047164438191131895    7799.31305213437
0.004753614429146724    7842.72250268613
0.004791077983250673    7886.232181339906
0.004828836790136907    7929.84013191928
0.004866893176712397    7973.544366414236
0.004905249488222632    8017.34282471978
0.004943908088396143    8061.233265741294
0.004982871359590147    8105.213378025975
0.005022141702937399    8149.280813032721
0.0050617215384941225    8193.433185027296
0.005101613305389183    8237.668070983882
0.005141819461974368    8281.983010492862
0.005182342485975915    8326.375505675607
0.005223184874647186    8370.843021106008
0.005264349144922551    8415.382983738677
0.005305837833572528    8459.992782844878
0.005347653497360072    8504.669769954418
0.005389798713198178    8549.411262543656
0.005432276078308659    8594.214685700179
0.0054750882103821955    8639.077619183214
0.005518237747739685    8683.997624605034
0.005561727349494786    8728.97223300919
0.005605559695717834    8773.99894487852
0.005649737487600954    8819.075230148788
0.005694263447624564    8864.198528227877
0.005739140319725134    8909.366248021706
0.005784370869464266    8954.575767965753
0.005829957884199157    8999.824436062492
0.005875904173254334    9045.109569925724
0.005922212568094819    9090.428456830456
0.00596888592250058    9135.778256682945
0.006015927112742431    9181.155309150316
0.006063339037759269    9226.555523087874
0.006111124619336707    9271.974749680112
0.006159286802287168    9317.408784966592
0.006207828554631319    9362.853369921399
0.006256752867781016    9408.304190549368
0.006306062756723612    9453.75687799948
0.006355761260207795    9499.20700869601
0.006405851440930833    9544.650104487235
0.006456336385727302    9590.081632812142
0.0065072192057593495    9635.497006885591
0.006558503036708376    9680.891586252686
0.006610191038968326    9726.2608506996
0.006662286397840391    9771.60068646341
0.006714792323729356    9816.907012200782
0.006767712052341421    9862.175706608401
0.006821048844883585    9907.402608687964
0.006874805988264663    9952.583518024763
0.006928986795297794    9997.71419507968
0.006983594604904642    10042.790361495252
0.007038632782321116    10087.807700414362
0.007094104719304791    10132.761856814317
0.00715001383434391    10177.6484378535
0.007206363572868034    10222.463013232917
0.007263157407460412    10267.201117183133
0.007320398838071925    10311.858281810722
0.007378091392236829    10356.430036812924
0.00743623862529009    10400.911878554698
0.007494844120586526    10445.29926917379
0.007553911489721614    10489.587637022065
0.0076134443727540356    10533.772377119103
0.007673446438430048    10577.848851621697
0.007733921384409518    10621.812390306048
0.007794872937493842    10665.658291065398
0.00785630485385556    10709.381820421198
0.007918220919269886    10752.978214049159
0.007980624949347977    10796.442677319286
0.008043520789772057    10839.770278975542
0.00810691231653246    10882.955454820878
0.008170803436166432    10925.992390176834
0.008235198085998915    10968.875227728447
0.008300100234385184    11011.598068488522
0.00836551388095536    11054.154972572185
0.008431443056860945    11096.539959994943
0.008497891825023187    11138.747011495743
0.008564864280383527    11180.770069383
0.008632364550155874    11222.60303840595
0.008700396794081014    11264.23978664957
0.008768965204682927    11305.674146454377
0.008838074007527133    11346.8999143151
0.008907727461481154    11387.910737452778
0.00897792985897689    11428.700009568038
0.009048685526275226    11469.261063348715
0.009119998823732562    11509.587195674882
0.009191874146069586    11549.671668763873
0.009264315922642074    11589.507711344319
0.009337328617713827    11629.088519858686
0.009410916730731841    11668.407259694926
0.00948508479660352    11707.457066446217
0.00955983738597622    11746.231047199968
0.009635179105518827    11784.722281855482
0.009711114598205733    11822.923824469466
0.009787648543602914    11860.828688293142
0.009864785658156296    11898.429646332734
0.009942530695482467    11935.719292900298
0.010020888446661548    11972.690194091132
0.010099863740532527    12009.334892611112
0.01017946144399075    12045.645909404599
0.010259686462287922    12081.615745315798
0.010340543739334372    12117.236882781819
0.010422038258003682    12152.501787558238
0.010504175040439837    12187.40291047632
0.010586959148366633    12221.93268923233
0.010670395683399695    12256.083550208255
0.010754489787360781    12289.847910323344
0.01083924664259472    12323.218108813215
0.01092467147228875    12356.186200196586
0.011010769540794363    12388.744162561377
0.011097546153951806    12420.88396798771
0.011185006659416965    12452.597584696992
0.011273156446990997    12483.876979235689
0.01136200094895241    12514.71411869309
0.011451545640391888    12545.100972952852
0.011541796039549674    12575.029516976492
0.011632757708155602    12604.491733120947
0.011724436251771915    12633.479613486523
0.011816837320138622    12661.985162297746
0.011909966607521758    12690.000390525734
0.012003829853064203    12717.516972997078
0.012098432841139446    12744.5261102726
0.012193781401708003    12771.01898167496
0.012289881410676676    12796.986784061317
0.01238673879026072    12822.420734756533
0.012484359509348722    12847.312074525595
0.012582749583870515    12871.65207058248
0.012681915077167883    12895.432019635782
0.012781862100368175    12918.643250969904
0.012882596812760985    12941.277129560458
0.012984125422177643    12963.325059222736
0.013086454185373856    12984.778485793518
0.013189589408415199    13005.628859204511
0.013293537447065806    13025.867315397589
0.013398304707180017    13045.484851325302
0.013503897645097095    13064.472514061497
0.013610322768039206    13082.821406014751
0.013717586634512316    13100.52268857971
0.013825695854710465    13117.567585819881
0.013934657090923022    13133.947388180006
0.014044477057945351    13149.653456226235
0.014155162523492568    13164.67722441386
0.014266720308616556    13179.010204879049
0.01437915728812643    13192.643991254754
0.014492480391012084    13205.570262302226
0.014606696600871286    13217.780615373853
0.014721812956339966    13229.26626002048
0.014837836551526052    13240.018416796469
0.01495477453644661    13250.028405167419
0.015072634117468429    13259.28764784864
0.015191422557752219    13267.787675162088
0.01531114717770009    13275.520129409719
0.015431815355406775    13282.476769261704
0.01555343452711423    13288.649474155929
0.01567601218766996    13294.03024870719
0.01579955589098887    13298.611227123445
0.015924073250518735    13302.384677625914
0.01604957193970948    13305.342997027354
0.01617605969248594    13307.47848824331
0.01630354430372459    13308.783358733459
0.0164320336297338    13309.249956650345
0.01656153558873806    13308.870786575208
0.016692058161365937    13307.638514231528
0.016823609391141813    13305.545971189242
0.01695619738498168    13302.586159555829
0.017089830313692628    13298.752256650554
0.017224516412476475    13294.037619660001
0.017360263981437175    13288.435790270141
0.01749708138609238    13281.940499271906
0.017634977057888968    13274.545671138168
0.017773959494722557    13266.245411208081
0.01791403726146131    13257.033922288538
0.018055218990473645    13246.905575268684
0.01819751338216028    13235.854953188227
0.01834092920549039    13223.8768557984
0.01848547529854193    13210.96630400278
0.018631160569046405    13197.118544244382
0.01877799399493768    13182.329052836854
0.018925984624905395    13166.593540233676
0.019075141578952445    13149.907955233703
0.01922547404895714    13132.268489118715
0.019376991299239577    13113.671579718155
0.019529702667132557    13094.113916663327
0.01968361756355708    13073.592623739934
0.01983874547360218    13052.10544575122
0.01999509595710958    13029.650429665093
0.02015267864926269    13006.225883559562
0.020311503261180502    12981.83037973567
0.020471579580515986    12956.462757732725
0.0206329174720592    12930.122127238968
0.020795526878345363    12902.807870896635
0.020959417820267393    12874.519646998275
0.021124600397693618    12845.257392068825
0.021291084790090023    12815.021323333462
0.02145888125714772    12783.811941065194
0.021628000139415113    12751.63009637512
0.021798451858935117    12718.477882573128
0.021970246919887554    12684.358393363553
0.022143395909236287    12649.27501175931
0.02231790949738185    12613.231392398566
0.022493798438818834    12576.23146179214
0.022671073572798784    12538.279418442306
0.022849745823998107    12499.37973283033
0.02302982620319127    12459.537147273686
0.02321132580792946    12418.756675650075
0.023394255823224335    12377.043602987818
0.023578627522237453    12334.403484922068
0.023764452266974854    12290.842147015228
0.02395174150898734    12246.366240366722
0.024140506790076177    12200.985045996647
0.02433075974300427    12154.708698204855
0.02452251209221319    12107.547540601143
0.024715775654545545    12059.512122189126
0.024910562339973342    12010.613193371604
0.02510688415233179    11960.861701874046
0.025304753190059214    11910.268788588424
0.025504181646942518    11858.845783337867
0.025705181812868613    11806.604200566728
0.025907766074581905    11753.555734956684
0.026111946916447484    11699.712256972349
0.02631773692122065    11645.085849000074
0.026525148770822134    11589.690925242916
0.02673419524711982    11533.545218080151
0.026944889232716356    11476.666767846058
0.027157243711742954    11419.073651572942
0.02737127177065974    11360.783974792508
0.027586986599062023    11301.815863437052
0.02780440149049325    11242.1874558443
0.028023529843264196    11181.916894870343
0.028244385161278533    11121.02232011292
0.028466981054865212    11059.521860249786
0.028691331241616994    10997.433625494643
0.028917449547236004    10934.775700173755
0.029145349906385568    10871.56666351977
0.029375046363549085    10807.830074544341
0.029606553073895484    10743.592097461002
0.029839884304151448    10678.87867012349
0.030075054433480793    10613.7154631809
0.03031207795437038    10548.127870284126
0.030550969473523443    10482.140998758658
0.03079174371275952    10415.77966074174
0.031034415509921864    10349.06836477907
0.03127899981979178    10282.031307876927
0.031525511715010106    10214.69236800534
0.03177396638700631    10147.075097046989
0.032024379146934435    10079.202715365167
0.03227676542661673    10011.099987675361
0.03253114077949483    9942.79695151684
0.03278752088158794    9874.32414906286
0.033045921532459    9805.711529010458
0.03330635865618855    9736.988441214135
0.033568848302355694    9668.183632145014
0.03383340664702742    9599.325241153516
0.03410004999375531    9530.440797511717
0.03436879477458051    9461.557218213566
0.03463965755104601    9392.70080650923
0.034912655015217425    9323.897251149388
0.035187803990711856    9255.171626317202
0.035465121433734245    9186.548603869025
0.035744624434122615    9118.057964436937
0.036026330216401066    9049.734927738427
0.03631025614084153    8981.61405568821
0.03659641970453321    8913.728933947059
0.03688483854246103    8846.112179344185
0.03717553042859263    8778.795448519983
0.03746851327697327    8711.809447728154
0.03776380514283008    8645.183943738815
0.038061424223684553    8578.947775783572
0.0383613888604743    8513.128868487265
0.03866371753868288    8447.754245728584
0.03896842888947918    8382.850045377427
0.03927554169086578    8318.440719360948
0.03958507486883577    8254.544569682854
0.039897047498539326    8191.1771165941545
0.04021147880545907    8128.353304240144
0.04052838816659518    8066.087519194773
0.040847795111659035    8004.393603140444
0.04116971932427701    7943.2848657645945
0.041494180643203635    7882.774097851483
0.04182119906354381    7822.873584550592
0.04215079473798527    7763.595118803133
0.042482987978040336    7704.950014907979
0.04281779925529796    7646.949122211999
0.04315524920268484    7589.602874020552
0.043495358615737126    7532.927901258353
0.04383814845388224    7476.954557867781
0.044183639841730016    7421.7140459510265
0.04453185407037484    7367.236521619782
0.04488281259870754    7313.551132614127
0.045236537054738166    7260.68605701786
0.04559304923692831    7208.668542993334
0.0459523711155347    7157.524949463884
0.046314524833963394    7107.280787677756
0.046679532710133836    7057.960763593688
0.047047417237854626    7009.588821032086
0.04741820108820943    6962.188182517647
0.04779190711095456    6915.769511886037
0.048168558335926474    6870.3045488085745
0.04854817797446138    6825.757917039617
0.048930789420825786    6782.095126943801
0.04931641625365777    6739.282541199269
0.049705082237420185    6697.28734212002
0.05009681132386552    6656.077500532194
0.050491627653511346    6615.621746142834
0.05088955555712837    6575.889539342435
0.05129061955723961    6536.851044386399
0.05169484436963208    6498.477103901753
0.0521022549048792    6460.73911557389
0.05251287626987637    6423.608696396331
0.05292673376938833    6387.057976162747
0.05334385290760815    6351.059686975461
0.053764259389729216    6315.587143194521
0.054187979123529156    6280.614222495465
0.05461503822096685    6246.115347997501
0.05504546299979097    6212.065471425208
0.055479279985162146    6178.440057267827
0.055916515911287844    6145.215067902582
0.056357197723069345    6112.36597948688
0.056801352577762594    6079.861326489403
0.05724900784665157    6047.666844643913
0.057700191116735515    6015.74894413987
0.05815493019242834    5984.074713619502
0.058613253097272396    5952.611906718888
0.059075188075665766    5921.328930369028
0.05954076359460224    5890.19483479618
0.060010008345425976    5859.179305163772
0.06048295124559942    5828.252467236494
0.06095962144048584    5797.374898144457
0.061440048305144705    5766.49288304659
0.06192426144614233    5735.552637106588
0.06241229070337666    5704.501566887632
0.06290416615191557    5673.288278009051
0.06339991810385066    5641.862587497558
0.06389957711016506    5610.17554062922
0.06440317396261658    5578.179432054225
0.06491073969563457    5545.827277830546
0.06542230558823284    5513.063647796996
0.06593790316593752    5479.826360378897
0.0664575642027292    5446.054800596311
0.06698132072300146    5411.690255479428
0.06750920500353412    5376.675979700918
0.06804124957548287    5340.957266902908
0.06857748722638322    5304.481526224059
0.06911795100217147    5267.198497490634
0.06966267420922152    5229.0679790523445
0.07021169041639667    5190.063760413156
0.0707650334571188    5150.162477727417
0.07132273743145315    5109.342640623414
0.0718848367082102    5067.584687514938
0.07245136592706299    5024.871040045599
0.07302236000068213    4981.186156326742
0.0735978541168877    4936.517966295158
0.07417788374081699    4890.875890059493
0.07476248461711053    4844.2849912850925
0.07535169277211465    4796.771502205481
0.07594554451610207    4748.362450553376
0.07654407644550885    4699.0856312485785
0.07714732544519003    4648.969576759879
0.07775532869069304    4598.043782291953
0.07836812365054789    4546.353634944577
0.07898574808857674    4493.967801371684
0.0796082400662208    4440.955701532359
0.0802356379448865    4387.385337739176
0.08086798038830864    4333.323212169726
0.08150530636493354    4278.834252159393
0.08214765515032084    4223.982115931053
0.0827950663295631    4168.839830173165
0.08344757979972578    4113.490670329506
0.08410523577230566    4058.015508416355
0.08476807477570945    4002.4920441115037
0.0854361376577505    3946.994777200038
0.08610946558816654    3891.5949934904825
0.08678810006115718    3836.3633370550115
0.0874720828979402    3781.380344352375
0.08816145624932929    3726.7267030508206
0.08885626259833142    3672.4788085730215
0.08955654476276542    3618.708829542366
0.09026234589789982    3565.4847904368985
0.09097370949911261    3512.8722189147657
0.09169067940457232    3460.9485880192615
0.09241329979793854    3409.7958924100108
0.09314161521108542    3359.4910106148573
0.09387567052684555    3310.105783060921
0.09461551098177673    3261.7072361963214
0.09536118216894854    3214.3578201746236
0.09611273004075266    3168.1157333980827
0.09687020091173507    3123.0383134679764
0.09763364146144936    3079.183223734666
0.09840309873733395    3036.604496322616
0.09917862015761111    2995.3525234948243
0.09996025351420983    2955.4743781117195
0.10074804697570995    2917.014139627339
0.10154204909031116    2880.0123941194715
0.1023423087888252    2844.4850961946554
0.10314887538769045    2810.4231427932227
0.10396179859201149    2777.816665357858
0.10478112849862199    2746.6563882775313
0.10560691559917276    2716.9337089685678
0.10643921078324207    2688.6407773078504
0.10727806534147238    2661.7607683467013
0.10812353096873173    2636.2263454251483
0.1089756597672983    2611.956346270686
0.10983450425007181    2588.8731879912943
0.11070011734381024    2566.9025945610306
0.11157255239239038    2545.973335147726
0.11245186316009576    2526.014179970177
0.11333810383492975    2506.9240729370426
0.11423132903195556    2488.5844779068107
0.11513159379666076    2470.880216622136
0.11603895360835015    2453.699529167287
0.11695346438356521    2436.933826822434
0.11787518247952886    2420.4764150388983
0.11880416469761924    2404.213038105521
0.11974046828686975    2388.0266453265226
0.12068415094749796    2371.803239677936
0.12163527083446    2355.431934158078
0.12259388656103518    2338.804994894099
0.12356005720243858    2321.8207026431674
0.12453384229946043    2304.3905369581726
0.12551530186213605    2286.4313608489283
0.12650449637344377    2267.863331032601
0.12750148679303286    2248.61011175259
0.12850633456097912    2228.6005325286596
0.12951910160157165    2207.7888126692615
0.13053985032712967    2186.1491015372044
0.1315686436418475    2163.658884143033
0.13260554494567175    2140.298663059284
0.13365061813820808    2116.0525380304975
0.13470392762265998    2090.9276446300105
0.13576553830979607    2064.960377634316
0.13683551562195118    2038.1900647539387
0.13791392549705864    2010.656841459285
0.13900083439271238    1982.4019512866555
0.1400963092902633    1953.486048475256
0.14120041769894648    1923.99543845869
0.1423132276600427    1894.0159434557515
0.14343480775106981    1863.6306000147572
0.14456522709000968    1832.9209635317256
0.1457045553395684    1801.9928437023916
0.14685286271146775    1770.970842842061
0.14801021997077307    1739.973360295751
0.1491766984402536    1709.1116694005173
0.15035237000477902    1678.4960581960086
0.1515373071157476    1648.261963947926
0.1527315827955519    1618.546024166037
0.1539352706420798    1589.4748412924405
0.1551484448332481    1561.1654200048179
0.15637118013157517    1533.7243876963323
0.15760355188878739    1507.2484319886178
0.15884563605046403    1481.8267350058065
0.16009750916071575    1457.541830913566
0.16135924836690244    1434.4552520777686
0.16263093142438836    1412.5782031972203
0.16391263670133224    1391.9124293517264
0.16520444318351765    1372.4598248984062
0.16650643047922029    1354.2124959122496
0.16781867882411475    1337.1089950689409
0.16914126908621763    1321.0734829845214
0.17047428277087162    1306.0345356352268
0.17181780202576952    1291.9204928408565
0.17317190964601464    1278.63639678963
0.17453668907922432    1266.0811615557627
0.17591222443067192    1254.158107953817
0.17729860046847104    1242.7713856482806
0.1786959026287975    1231.8126986838818
0.1801042170211553    1221.1724930459711
0.1815236304336843    1210.7449882263422
0.18295423033850639    1200.422969855565
0.18439610489711755    1190.0882101896616
0.18584934296582012    1179.6238840118574
0.18731403410119976    1168.9175054880545
0.1887902685656428    1157.8653902847213
0.19027813733289928    1146.374004630339
0.1917777320936906    1134.3548103345001
0.1932891452613578    1121.7297935463725
0.19481246997755813    1108.465834940694
0.19634780011800398    1094.5508337352003
0.19789523029824965    1079.9761262813618
0.19945485587951992    1064.7627654304613
0.2010267729745877    1048.977076737668
0.20261107845369836    1032.6882882394202
0.20420786995053689    1015.9696732781752
0.20581724586824632    998.9224920364204
0.20743930538549116    981.6532693767346
0.20907414846257066    964.2636409081987
0.21072187584757682    946.8611980920134
0.21238258908260402    929.555962554271
0.21405639051000794    912.4507858922965
0.21574338327871007    895.6449731567991
0.21744367135055576    879.2359296939362
0.21915735950672033    863.3140576047923
0.22088455335416773    847.9582321853646
0.2226253593321563    833.2313323008367
0.22437988471879927    819.1901581231451
0.2261482376376771    805.8762211530544
0.22793052706449826    793.2980371326773
0.22972686283381644    781.4585835831842
0.23153735564579844    770.3479104158506
0.23336211707304771    759.9216236113291
0.23520125956747767    750.1320967899876
0.23705489646724276    740.9224994641665
0.23892314200372425    732.21189249871
0.24080611130856744    723.9194607652481
0.24270392042077774    715.9571116311538
0.244616686293873    708.2232161117887
0.2465445268030885    700.6187511950903
0.24848756075264228    693.0451076791248
0.2504459078830562    685.4043612333121
0.2524196888785365    677.605115426158
0.2544090253744082    669.5784599138511
0.2564140399646127    661.2678824880992
0.2584348562092637    652.6319898558703
0.2604715986422593    643.6673642886793
0.2625243927789577    634.3793305357681
0.26459336512391185    624.7937167681803
0.2666786431786669    614.9575863836029
0.2687803554496148    604.9199785681001
0.27089863145591503    594.7420373518265
0.2730336017374776    584.4868557196392
0.27518539786300505    574.2198632872457
0.2773541524381019    564.0109814346297
0.27953999911344607    553.9275585013517
0.2817430725930268    544.0403648282257
0.2839635086424431    534.4178130183301
0.2862014440972716    525.1193114731185
0.28845701687150105    516.1953810479881
0.29073036596602786    507.68501453481286
0.29302163147722443    499.59940380705797
0.2953309546055715    491.9410009826677
0.297658477664362    484.6854298297374
0.30000434408846754    477.7947508650941
0.3023686984431799    471.2219787349483
0.3047516864331211    464.90928617576617
0.3071534549112194    458.7994737589845
0.30957415188776155    452.83436328000244
0.31201392653951254    446.9582168971823
0.3144729292189112    441.11861850647745
0.3169513114633323    435.26649256628326
0.3194492260044269    429.35943948191374
0.321966826777536    423.36026456284736
0.3245042689311739    417.2447907092735
0.3270617088365911    410.99902175563216
0.3296393040974098    404.62594232490545
0.33223721355933883    398.14406878599823
0.33485559731995884    391.5843875740728
0.3374946167385903    384.9908871526815
0.34015443444623905    378.41034033347756
0.342835214355615    371.8923330573074
0.34553712167123574    365.48076310974386
0.34826032289960607    359.2127025629857
0.3510049858594817    353.11703093546964
0.35377127969220734    347.2137598754798
0.35655937487214173    341.5158599230433
0.3593694432171657    336.0293835493001
0.362201657899266    330.7528318249406
0.36505619345521056    325.6779333074647
0.36793322579730237    320.78643768290016
0.370832932224223    316.0531398258931
0.3737554914319548    311.44445717999577
0.3767010835247953    306.923926190914
0.37966989002645807    302.4552649850001
0.38266209389125516    298.006372901518
0.38567787951537447    293.553813828275
0.38871743274824205    289.08235817683646
0.3917809409039777    284.5862581138442
0.39486859277293423    280.0676601558957
0.39798057863333397    275.5347637964193
0.40111709026299697    271.00123377837355
0.4042783209511546    266.48372333162797
0.4074644655103648    262.00210234119925
0.4106757202885153    257.5769937819647
0.4139122831809269    253.22902917620647
0.41717435364254457    248.97682694620772
0.4204621327002312    244.8353916018133
0.42377582296515787    240.81336702188236
0.4271156286452858    236.91164279415392
0.43048175555795354    233.12388599673824
0.4338744111425591    229.43717442431802
0.43729380447334665    225.836469226837
0.4407401462722862    222.30653166289548
0.4442136489220617    218.83409067641296
0.4477145264791616    215.40706982012836
0.4512429946870656    212.0138256142445
0.4547992709895428    208.64302110416958
0.4583835745440508    205.28578270347117
0.461996126235244    201.93881539994325
0.4656371486885811    198.60658861456233
0.46930686628404716    195.29910729595142
0.47300550516998324    192.0292734622926
0.47673329327701824    188.80770937061243
0.4804904603321185    185.64178848836073
0.484277237872743    182.53578720290182
0.4880938592611157    179.49311502276973
0.4919405596986011    176.516794171422
0.49581757624020173    173.60858079665832
0.4997251478091689    170.76679338785473
0.5036635152117214    167.98546180084494
0.507632921151889    165.25569197933532
0.5116336102464671    162.5678252783407
0.5156658290400957    159.91449978172577
0.5197298260204463    157.2916189087533
0.5238258516335387    154.69760546303127
0.5279541582991772    152.13213047706438
0.5321150004265011    149.59505237495432
0.5363086344296656    147.0869364689865
0.5405353187436425    144.61026209916287
0.5447953138401493    142.1697342784598
0.5490888822436966    139.7709961143819
0.5534162885477673    137.41786933561008
0.5577777994311267    135.11072063884393
0.5621736836742505    132.84722634171263
0.5666042121758909    130.62451626164966
0.5710696579697748    128.4409059583709
0.5755702962414229    126.29532667300364
0.5801064043451126    124.18552967004398
0.5846782618209678    122.10763093384966
0.5892861504121901    120.05754479127981
0.593930354082415    118.03325824279577
0.5986111590332144    116.03584844537205
0.6033288537217372    114.06789161003525
0.6080837288784792    112.13085408054788
0.6128760775252038    110.22439949042621
0.6177061949929977    108.34795482685091
0.6225743789404747    106.50273765690679
0.6274809293721129    104.69013756006541
0.6324261486567456    102.90983572524034
0.6374103415461991    101.16049719762422
0.6424338151940654    99.44079950751534
0.6474968791746355    97.74948266921339
0.6525998455019757    96.0853492624686
0.657743028649159    94.44750889355673
0.6629267455676383    92.83556434059388
0.6681513157067825    91.24917300283401
0.6734170610335657    89.68799494933869
0.6787243060524016    88.15169295126877
0.6840733778251467    86.63993251225115
0.6894646059912519    85.15238189685385
0.6948983227880832    83.68871215721896
0.7003748630713871    82.2485971578942
0.7058945643359316    80.83171359890056
0.7114577667363063    79.43774103708124
0.717064813107879    78.06636190577194
0.7227160489879271    76.7172615328326
0.7284118226369286    75.39012815708111
0.7341524850600305    74.08465294316633
0.7399383900286703    72.80052999492686
0.7457698941023823    71.53745636726599
0.7516473566507739    70.29513207658678
0.7575711398756648    69.07326010982658
0.7635416088334132    67.87154643212179
0.769559131457409    66.68969999314976
0.7756240785807541    65.52743273217567
0.7817368239591072    64.38445958185056
0.7878977442937197    63.26049847078448
0.7941072192546555    62.15527032494117
0.8003656315041796    61.06849906788459
0.8066733667203451    59.999911619911444
0.8130308136207582    58.9492377859881
0.8194383639865396    57.91620314692974
0.8258964126864579    56.900525350041946
0.8324053577012698    55.90192530246266
0.8389656001482492    54.92012820012739
0.8455775443058974    53.95486346482019
0.8522415976388638    53.00586468210795
0.8589581708230515    52.07286954014552
0.8657276777709337    51.15561976933946
0.8725505356570502    50.2538610828641
0.8794271649437214    49.367343118009515
0.8863579894069643    48.4958193783575
0.8933434361625986    47.63904717677275
0.9003839356925732    46.796787579193264
0.9074799218714936    45.968805349219096
0.914631831993364    45.154868893477165
0.9218401067985276    44.35475020776172
0.9291051905008318    43.56822482393266
0.9364275308150082    42.79507175756466
0.9438075789842527    42.035073456338885
0.9512457898080414    41.288015749162
0.9587426216701534    40.55368779600745
0.9662985365669267    39.831882038466254
0.9739140001357175    39.12239415099939
0.981589481683602    38.425022992881935
0.9893254542163017    37.73957056082757
0.9971223944673231    37.0658419422882
1.0049807829273427    36.40364526941568
1.012901103873815    35.752791682020685
1.0208838454008222    35.113096213355355
1.0289294994491438    34.484378504422835
1.0370385618365778    33.866461067317324
1.0452115322885005    33.25916904105327
1.0534489144686525    32.66233015791287
1.061751216010183    32.075774710112796
1.0701189485469311    31.499335516790666
1.0785526277449617    30.932847891310907
1.0870527733343331    30.376149608889584
1.0956199091411307    29.82908087453546
1.104254563119755    29.291484291308066
1.1129572673854433    28.763204828891972
1.1217285582470724    28.244089792485177
1.1305689762402018    27.733988792001558
1.139479066160395    27.23275371158502
1.1484593770967795    26.740238679436573
1.1575104624658912    26.256300037949842
1.1666328800457844    25.78079631415706
1.1758271920103942    25.313588190482474
1.1850939649641876    24.854538475801547
1.1944337699770784    24.40351207680562
1.2038471826196255    23.960375969670558
1.2133347829984928    23.524999172027034
1.2228971557922033    23.097252715232287
1.2325348902871767    22.67700961694006
1.2422485804140329    22.264144853969636
1.2520388247841978    21.858535335469778
1.2619062267268017    21.460059875698025
1.271851394325845    21.068599011849447
1.2818749404576812    20.684034795384427
1.291977482828781    20.306251094498197
1.3021596440138086    19.935133618402542
1.3124220514939735    19.57056989051329
1.322765337695707    19.21244922197891
1.333190140029642    18.86066268554878
1.343697100929881    18.515103089777966
1.3542868678935949    18.175664953563064
1.3649600935209203    17.842244481008127
1.375717435555187    17.514739536615092
1.386559556923437    17.19304962079816
1.397487125777284    16.87707584571514
1.4085008155340977    16.566720911415718
1.4196013049184872    16.26188908230224
1.430789278004138    15.962486163898726
1.442065424255965    15.66841947992578
1.4534304385726078    15.379597849678891
1.4648850213292428    15.095931565705534
1.47642987842075    14.817332371778372
1.4880657213052217    14.54371344116122
1.499793267047791    14.27498935516581
1.5116132383648324    14.011076081994242
1.5235263636684941    13.751890955865
1.5355333771115973    13.49735265642009
1.547635018632862    13.247381188408848
1.5598320340025158    13.001897861646587
1.5721251748682596    12.760825271236673
1.584515198801571    12.524087273412333
1.5970028693444034    12.291608958801472
1.6095889560562318    12.06331664479601
1.6222742345614891    11.83913785901134
1.6350594865973493    11.619001320765852
1.6479455000619085    11.402836922814817
1.6609330690627493    11.190575713337338
1.6740229939658606    10.982149878173312
1.6872160814449724    10.777492723306622
1.7005131445312616    10.576538657592295
1.713915002663467    10.379223175724748
1.7274224817383705    10.185482841443887
1.7410364141617019    9.995255270977095
1.7547576388994444    9.808479116712824
1.768587001529521    9.625094051104723
1.7825253542939123    9.445040750802205
1.7965735561511738    9.26826088100559
1.8107324728293785    9.094697080042492
1.8250029768794522    8.924292944163195
1.8393859477289527    8.756993012552357
1.8538822717362753    8.592742752553688
1.868492842245255    8.431488545106347
1.8832185596402327    8.27317767038913
1.8980603314015358    8.117758293670569
1.913019072161415    7.965179451362188
1.9280957037603894    7.815391037272694
1.9432911553040637    7.668343789060194
1.9586063632203974    7.523989274878764
1.9740422713173915    7.3822798755352546
1.989599830841264    7.2431687614342835
2.005280000535065    7.106609893001829
2.0210837466977725    6.97255801130149
2.0370120432438226    6.840968625548668
2.0530658717631347    6.711798000808697
2.0692462215816168    6.585003145876736
2.085554089822108    6.460541801337282
2.1019904814658443    6.3383724278001425
2.1185564094143814    6.218454194311409
2.1352528945520324    6.100746966936644
2.1520809658087563    5.985211297514238
2.169041660223578    5.871808412576434
2.1861360230085083    5.760500202436159
2.203365107612932    5.651249210437155
2.2207299757885437    5.544018622365187
2.2382316976547703    5.438772256018681
2.255871351764732    5.335474550935883
2.2736500251716882    5.234090558277274
2.291568813496038    5.134585930860308
2.309628820992849    5.036926913345138
2.3278311606198865    4.94108033256898
2.3461769541062134    4.847013588026931
2.3646673320213116    4.754694642497475
2.383303433844768    4.6640920128108485
2.4020864080364728    4.575174760757931
2.421017412107406    4.487912484137972
2.4400976126909812    4.402275307943189
2.4593281856149165    4.318233871979653
2.478710315973709    4.235759311878648
2.4982451982016634    4.154823262678048
2.517934036146513    4.075397854255155
2.537778043143583    3.9974557030937503
2.5577784420905747    3.920969904179515
2.577936465522943    3.845914023022438
2.598253355689823    3.7722620878041093
2.618730364630604    3.6999885816480953
2.6393687542520756    3.6290684350120044
2.660169796406215    3.5594770181988062
2.6811347729685346    3.4911901339865166
2.7022649759170947    3.4241840103738017
2.7235617074121348    3.358435293440128
2.745026279876293    3.2939210403191352
2.766660016075498    3.230618712282749
2.7884642492004996    3.1685061679352895
2.8104403229489994    3.1075616565155095
2.832589591608475    3.0477638113050007
2.8549134201396296    2.9890916431415717
2.8774131842605284    2.931524534035836
2.9000902705313476    2.875042230889886
2.9229460764398376    2.819624839316053
2.9459820104874574    2.7652528175545985
2.9691994922761475    2.711906970488822
2.9925999525958296    2.6595684437561418
3.0161848335125723    2.608218717953631
3.039955588457479    2.5578396029367285
3.063913682316226    2.508413231472677
3.088060591519351    2.459922051039714
3.112397804133255    2.4123488211152826
3.1369268199518774    2.365676608920795
3.161649150589136    2.31988878414705
3.186566319572075    2.274969013765551
3.211679862434774    2.230901256924131
3.236991326812944    2.1876697599258432
3.2625022725393142    2.145259051289723
3.288214271739781    2.1036539368922997
3.314128908930249    2.06283949518855
3.3402477811143085    2.0228010725110557
3.366572497881633    1.9835242784462341
3.3931046815072006    1.9449949812864575
3.4198459670512276    1.9071993035568706
3.4467980024599507    1.870123617615721
3.473962448667199    1.8337545413271876
3.5013409796967143    1.79807893380547
3.528935282765337    1.7630838912291278
3.5567470583869722    1.7287567427244932
3.5847780204774073    1.6950850463172482
3.613029896459895    1.6620565849508557
3.641504427371627    1.629659362571155
3.670203367971045    1.5978816002756688
3.699128486845942    1.5667117325270745
3.7282815665224733    1.536138403429465
3.7576644035749993    1.5061504630666038
3.7872788087368203    1.4767369639011618
3.8171266070117285    1.4478871566179936
3.8472096377864937    1.4195904837835192
3.8775297549442365    1.3918365789697085
3.908088826978632    1.3646152647174905
3.9388887371090906    1.3379165492090916
3.9699313833967893    1.311730622994963
4.001218678861677    1.286047855775779
4.032752551600318    1.260858793239099
4.064534944904736    1.2361541539494234
4.096567817382191    1.2119248262909554
4.128853143075835    1.1881618654623072
4.161392911586396    1.1648564905221463
4.194189128194769    1.1420000814850455
4.227243813985628    1.1195841764667
4.260559005971924    1.0976004688778058
4.294136757220446    1.0760408046656922
4.327979136978364    1.0548971796029616
4.3620882308006985    1.0341617366224736
4.396466140678878    1.013826763197791
4.4311149851702565    0.9938846887684537
4.466036899528709    0.9743280822092618
4.501234035836159    0.9551496493429532
4.536708563135239    0.9363422304954966
4.57246266756297    0.9178987980932858
4.608498552485446    0.8998124543016829
4.64481843863364    0.8820764287040662
4.6814245642402526    0.8646840760208258
4.718319185177666    0.8476288738676427
4.755504575096922    0.8309044204861745
4.792983025567858    0.8145044321889757
4.83075684622035    0.7984227415333109
4.8688283648866    0.7826532954388964
4.907199927744619    0.7671901531311974
4.945873899462795    0.7520274841195401
4.984852663345652    0.737159566210309
5.024138621480672    0.7225807835546535
5.063734194886346    0.7082856247300764
5.103641823661407    0.6942686808553825
5.143863967135138    0.6805246437384562
5.184403104018971    0.6670483040562658
5.225261732559219    0.6538345495666159
5.266442370691072    0.6408783633510577
5.307947556193707    0.6281748220885041
5.349779846846707    0.6157190943590002
5.391941820587719    0.6035064389771265
5.4344360756712575    0.5915322033546085
5.477265230828869    0.5797918218915554
5.520431925430484    0.568280814395926
5.5639388196471185    0.5569947845306953
5.6077885946147425    0.5459294182883042
5.651983952599538    0.5350804824918688
5.6965276171644605    0.5244438233227776
5.741422333337015    0.5140153648741692
5.786670867778464    0.5037911077298921
5.8322760089543015    0.4937671275685064
5.878240567306137    0.48393957379187413
5.92456737542483    0.4743046680603574
5.971259288225071    0.4648587020884274
6.018319183121365    0.45559803692198797
6.065749960205277    0.4465191022040331
6.113554542424189    0.4376183949185451
6.161735875761458    0.42889247815232623
6.210296929417905    0.42033797987890326
6.259240695994831    0.4119515917641374
6.308570191678413    0.40373006799314237
6.358288456425634    0.39567022411816394
6.408398554151546    0.3877689359270865
6.458903572918116    0.38002313833213003
6.5098066251245745    0.3724298242784798
6.561110847699143    0.3649860436724619
6.612819402292396    0.3576889023289075
6.664935475472076    0.3505355609374274
6.717462278919516    0.3435232340472164
6.770403049627488    0.33664918907011326
6.823761050099722    0.329910745301554
6.8775395685519936    0.3233052729591482
6.931741919114694    0.31683019223855924
6.986371442037109    0.31048297238636446
7.0414315038932385    0.30426113078964423
7.096925497789318    0.29816223208197123
7.152856843572842    0.2921838872655348
7.209228988043351    0.28632375284911504
7.266045405164885    0.28057953000161734
7.32330959627999    0.27494896372092653
7.381025090325534    0.26942984199761183
7.439195444050166    0.2640199948205079
7.4978242422335475    0.2587172934926943
7.556915097907187    0.25351964999575166
7.616471652577141    0.24842501623175883
7.676497576448457    0.2434313832771228
7.736996568651272    0.23853678064998923
7.797972357468835    0.23373927559098157
7.859428700567224    0.22903697235704729
7.921369385226983    0.22442801152817066
7.983798228576425    0.21991056932673358
8.046719077826905    0.21548285694929764
8.110135810509952    0.21114311991057472
8.174052334716142    0.2068896373994045
8.23847258933598    0.20272072164648453
8.303400544302631    0.1986347173036727
8.368840200836598    0.19463000083464918
8.434795591692236    0.19070497991674265
8.501270781406307    0.18685809285370286
8.568269866548503    0.18308780799924373
8.63579697597381    0.1793926231911737
8.703856271077013    0.17577106519589147
8.772451946049117    0.17222168916309696
8.841588228135867    0.16874307809051522
8.911269377898176    0.16533384229846548
8.981499689474715    0.16199261891409347
9.052283490846605    0.15871807136509797
9.123625144104023    0.15550888888277756
9.195529045715093    0.1523637860048813
9.267999626796778    0.14928150198094872
9.341041353388018    0.14626080034880826
9.414658726724864    0.143300468567693
9.488856283517904    0.14039931756671117
9.563638596231899    0.13755618129957767
9.639010273367457    0.13476991630760174
9.714975959745113    0.13203940129076727
9.79154033679152    0.1293635366867728
9.868708122828021    0.12674124425788152
9.946484073361319    0.12417146668545317
10.024872981376578    0.12165316717198928
10.103879677632857    0.11918532905059104
10.183509030960694    0.11676695540167577
10.263765948562227    0.11439706867682006
10.344655376313565    0.1120747103296128
10.426182299069653    0.10979894045337384
10.508351740971356    0.10756883742563712
10.591168765755132    0.10538349755924915
10.67463847706514    0.1032420347599803
10.758766018767643    0.10114358019053019
10.843556575268083    0.09908728194080267
10.929015371830523    0.09707230470433993
11.01514767489975    0.09509782946080532
11.101958792425684    0.09316305316440858
11.189454074190564    0.09126718843815183
11.27763891213868    0.08940946327380542
11.366518740708537    0.08758912073750355
11.456099037167828    0.08580541867605546
11.546385321950945    0.08405762935543273
11.637383158999258    0.08234503920264008
11.729098156103863    0.08066694860585877
11.821535965251236    0.07902267164839966
11.914702282971604    0.07741153584530423
12.008602850689867    0.0758328818849084
12.103243455079495    0.07428606337527686
12.198629928419104    0.07277044659542042
12.294768148951947    0.07128541025120592
12.391664041248054    0.06983034523587811
12.489323576569376    0.06840465439509938
12.587752773237849    0.06700775229643102
12.686957697006148    0.06563906500317257
12.786944461431563    0.06429802985247751
12.887719228252724    0.06298409523766614
12.989288207769404    0.061696720394658955
13.091657659225094    0.060435375192456835
13.194833891192804    0.059199539927585906
13.298823261963902    0.05798870512244222
13.4036321799398    0.05680237132745828
13.509267104026984    0.05564004892702424
13.615734544034986    0.05450125794908871
13.723041061077655    0.05338552787837906
13.83119326797735    0.05229239747316594
13.940197829672519    0.051221414585512985
14.05006146362852    0.05017213598493967
14.160790940251427    0.049144127185443184
14.272393083305335    0.048136962274462215
14.384874770332962    0.047150223716871664
14.498242933079322    0.046183502194489294
14.612504557919006    0.04523639647769083
14.72766668628666    0.04430851326947582
14.843736415111032    0.04339946705108594
14.96072089725216    0.04250887993057659
15.078627341942253    0.04163638149428042
15.197463015230042    0.04078160866111313
15.317235240428392    0.03994420553966822
15.43795139856572    0.039123823288045805
15.559618928840793    0.03832011997636686
15.682245329081283    0.03753276045191972
15.805838156205665    0.036761416206893605
15.930405026688993    0.0360057652486463
16.055953617032355    0.035265491972460684
16.18249166423578    0.03454028703674245
16.310026966275135    0.033829847240615156
16.43856738258263    0.03313387540386376
16.56812083453128    0.03245208024918552
16.69869530592287    0.03178417628670414
16.830298843480087    0.031129883700704405
16.96293955734244    0.03048892823854398
17.096625621565924    0.029861041101704632
17.23136527462683    0.029245958838938553
17.36716681992942    0.02864342324147472
17.50403862631772    0.028053181240240845
17.641989128591092    0.027474984805068936
17.78102682802411    0.026908590845257138
17.92116029289057    0.026353761094661966
18.062398158991297    0.025810262014994017
18.20474913018649    0.025277864724795634
18.348221978932003    0.024756344909186174
18.49282554682012    0.02424548273001977
18.6385687451242    0.023745062737783762
18.78546055534794    0.023254873785203144
18.93351002977897    0.022774708942518547
19.08272629204652    0.02230436541440723
19.23311853768377    0.021843644458514798
19.384696034694485    0.02139235130556631
19.5374681241243    0.02095029508102893
19.691444220636143    0.020517288728294534
19.846633813090534    0.02009314893335304
20.00304646513045    0.019677696050930515
20.160691815770473    0.019270754032061334
20.31957957999093    0.0188721503530686
20.479719549336536    0.018481715945925747
20.641121592519934    0.018099285129971415
20.80379565602963    0.01772469554495538
20.967751764743095    0.017357788085385475
21.13300002254462    0.016998406836153692
21.299550612947797    0.016646399009416873
21.46741379972319    0.01630161488270601
21.636599927530792    0.01596390773824287
21.807119422557683    0.01563313380343922
21.978982793160288    0.015309152192557244
22.152200630512112    0.014991824849330692
22.326783609256516    0.01468101648290639
22.50274248816432    0.014376594510410848
22.68008811079699    0.014078429014385035
22.858831406174776    0.013786392690743086
23.038983389450387    0.013500360796860282
23.22055516258759    0.013220211100677896
23.40355791504544    0.012945823830805062
23.58800292446803    0.01267708162759852
23.77390155737916    0.012413869495201455
23.961265269883032    0.012156074754522598
24.15010560837013    0.011903586997138211
24.340434210228935    0.011656298040097858
24.532262804562848    0.011414101881617957
24.72560321291311    0.011176894657644964
24.920467349987458    0.01094457459927139
25.116867224394102    0.010717041990989216
25.314814939381957    0.01049419912976276
25.514322693586397    0.010275950284907038
25.71540278178119    0.010062201658754242
25.918067595635925    0.009852861348094814
26.12232962447975    0.009647839306376537
26.328201456071202    0.009447047306647796
26.535695777373643    0.009250398905230953
26.744825375337296    0.009057809406110501
26.95560313768714    0.008869195826023095
27.168042053717336    0.008684476860235574
27.382155215091387    0.008503572848997555
27.597955816649076    0.00832640574457009
27.815457157219754    0.008152899072861399
28.03467264044159    0.007982977898385249
28.255615775587767    0.007816568803335377
28.478300178398914    0.007653599858176663
28.702739571922372    0.007494000591807793
28.928947787357593    0.007337701962315028
29.156938764908624    0.007184636328305188
29.38672655464336    0.007034737420806665
29.618325317359076    0.006887940315727731
29.851749325455277    0.006744181406860507
30.087012963813155    0.006603398379420763
30.32413073068229    0.0064655301841119875
30.56311723857375    0.006330517011704992
30.80398721516081    0.006198300268121251
31.046755504186685    0.006068822550011332
31.291437066378943    0.005942027620818318
31.538046980371668    0.005817860387316557
31.786600443634832    0.005696266876616603
32.03711277341051    0.005577194213627269
32.28959940765707    0.005460590598965681
32.544075906000366    0.005346405287306599
32.80055795069292    0.0052345885661622535
33.05906134757995    0.005125091735084614
33.31960202707359    0.005017867085281375
33.58219604513482    0.0049128678796376965
33.84685958426252    0.004810048333135874
34.113608954491    0.004709363593664836
34.382460594394985    0.004610769723190636
34.653431072102904    0.004514223676591541
34.926537086317516    0.004419683281221078
35.20179546734518    0.004327107224376351
35.47922317813322    0.0042364550365814
35.75883731531489    0.004147687074544597
36.04065511026323    0.004060764504456723
36.32469393015282    0.003975649285623293
36.61097127903029    0.003892304154424158
36.89950479889265    0.003810692608594395
37.19031227077467    0.00373077889181957
37.48341161584485    0.003652527978639533
37.778820896509416    0.0035759055596546164
38.076558317525695    0.003500878027028019
38.37664222712387    0.0034274124602787655
38.67909111813793    0.003355476612359265
38.98392362914497    0.003285038896012096
39.291158545613925    0.0032160683704001896
39.600814801063486    0.0031485347280051173
39.91291147822848    0.0030824082817883557
40.2274678102361    0.0030176599526099087
40.54450318179104    0.002954261256899588
40.86403713037037    0.0028921842945755522
41.1860893474271    0.002831401737205702
41.5106796796039    0.002771886816406516
41.83782812995642    0.0027136133124749965
42.16755485918546    0.002656555543249174
42.49988018687974    0.002600688353192156
42.83482459276799    0.002545987102688065
43.17240871798122    0.0024924276554069724
43.512653366324386    0.002439986365361461
43.85557950555863    0.002388640071560659
44.201208268693634    0.0023383660888889692
44.549560955289536    0.0022891421984100593
44.90065903276979    0.0022409466378665093
45.254524137744006    0.0021937580923715137
45.61117807734157    0.0021475556852886078
45.97064283055509    0.0021023189692958603
46.33294054959512    0.002058027917630533
46.69809356125546    0.002014662915510865
47.06612436828867    0.0019722047517313347
47.43705565079305    0.0019306346104278483
47.81091026761024    0.0018899340630095871
48.187711257734165    0.0018500850602540303
48.567481841730356    0.0018110699245620459
48.95024542316718    0.0017728713423696542
49.33602559005837    0.0017354723567134444
49.724846116316094    0.0016988563599465497
50.11673096321642    0.001663007086602144
50.51170428087574    0.0016279086064014282
50.9097904097394    0.001593545317403312
51.31101388208117    0.0015599019392929369
51.715399423515294    0.0015269635068061774
52.12297195452054    0.001494715363287412
52.53375659197535    0.0014631431543779636
52.94777865070607    0.0014322328218324724
53.36506364504677    0.0014019705974592513
53.78563729041202    0.0013723429958792145
54.20952550488099    0.0013433368064910418
54.63675441079497    0.0013149390910853977
55.06735033636746    0.0012871371789236667
55.50133981730611    0.0012599186612464158
55.93874959844832    0.0012332713858938613
56.37960663540927    0.0012071834520360704
56.82393809624345    0.001181643205010681
57.27177136311832    0.0011566392312659568
57.72313403400201    0.001132160353407061
58.17805392436441    0.0011081956253433457
58.636559068890676    0.0010847343275348373
59.098677723209335    0.0010617659623356464
59.56443836563326    0.00103928024943251
60.03386969891517    0.0010172671213764587
60.507000652015776    0.00099571671920577
60.98386038188685    0.0009746193881583118
61.46447827526842    0.000953965673471442
61.94888395049902    0.0009337463162677939
62.43710725934143    0.0009139522495250673
62.92917828882204    0.0008945745941282255
63.42512736308545    0.0008756046550023348
63.92498504526258    0.000857033917324534
64.4287821393544    0.0008388540428133746
64.93654969213061    0.0008210568660940643
65.44831899504224    0.0008036343911380605
65.96412158615051    0.0007865787877754664
66.48398925207005    0.0007698823882786588
67.00795402992829    0.0007535376832261151
67.53604820933904    0.0007375373164329335
68.06830433439278    0.0007218740840554179
68.60475520566244    0.0007065409320325066
69.14543388222417    0.000691530952987995
69.69037368369486    0.0006768373831964948
70.23960819228593    0.0006624535996118963
70.79317125487206    0.0006483731169570498
71.3510969850776    0.0006345895848733431
71.9134197653785    0.0006210967851290331
72.48017424922168    0.0006078886288850485
73.05139536315983    0.0005949591540171532
73.62711830900413    0.0005823025224932532
74.20737856599402    0.0005699130178047404
74.79221189298278    0.0005577850424507921
75.38165433064174    0.0005459131154744764
75.97574220368107    0.000534291870049658
76.57451212308878    0.0005229160511176167
77.17800098838619    0.000511780513072409
77.78624598990216    0.0005008802174939192
78.39928461106545    0.0004902102309276379
79.01715463071386    0.00047976572271023535
79.63989412542284    0.00046954196283994804
80.26754147185177    0.00045953431989089296
80.90013534910945    0.0004497382589703653
81.53771474113692    0.00044014933971829985
82.18031893911032    0.00043076321434796366
82.82798754386253    0.0004215756257270612
83.48076046832288    0.00041258240489561746
84.1386779399773    0.0004037794674367528
84.80178050334705    0.00039516281370414357
85.470109022488    0.00038672852771458484
86.14370468350789    0.00037847277540319036
86.82260899710492    0.0003703918029149329
87.50686380112637    0.00036248193493178157
88.19651126314595    0.0003547395730346947
88.89159388306301    0.0003471611940997164
89.59215449572122    0.0003397433487275133
90.29823627354908    0.0003324826597055952
91.00988272921943    0.0003253758205025956
91.7271377183313    0.0003184195937939016
92.45004544211325    0.0003116108100179948
93.1786504501461    0.00030494636596288045
93.91299764310894    0.00029842322338194155
94.65313227554662    0.00029203840763863145
95.39909995865762    0.0002857890063794043
96.15094666310543    0.00027967216823427597
96.9087187218515    0.0002736851015444574
97.6724628330104    0.0002678250731164881
98.44222606272737    0.0002620894070023275
99.21805584808008    0.0002564754833048307
100.00000000000004    0.00025098073700814384
