# Cosmological parameters
# z 0.56
# name nseries
# H0 70.0
# Omega_k 0.0
# Omega_b 0.047
# Omega_c 0.23900000000000005
# Omega_m 0.2860000000000001
# Omega_de 0.7139146242997069
# Omega_nu 0.0
# N_eff 3.046
# mass_neutrinos 0.0
# n_s 0.96
# A_s 2.14681e-09
# H_z 93.91994797458759
# D_A 1341.4585487050722
# D_M 2092.6753359799127
# D_H 3191.9998303354723
# D_V 1985.5684620953912
# r_drag 147.15240140926014
# DM_rd 14.221142950700246
# DH_rd 21.691795714960065
# DV_rd 13.493279369414637
# sigma8 0.6190097729325262
# fsigma_8 0.4689022847302364
# f 0.7575038476514457
# 
# k[h/Mpc]  P_lin(k)
1.05e-05    33.773637201983625
1.0582751204153106e-05    34.02912067795465
1.0666154576095624e-05    34.286536741517054
1.0750215255605631e-05    34.54590000495402
1.0834938422968154e-05    34.80722519093386
1.092032929929438e-05    35.07052713334321
1.1006393146843435e-05    35.33582077812438
1.1093135269346655e-05    35.60312118412283
1.118056101233444e-05    35.87244352431496
1.1268675763465675e-05    36.143803096986765
1.1357484952859742e-05    36.4172153282211
1.1446994053431166e-05    36.692695761784634
1.153720858122687e-05    36.97026005940627
1.1628134095766115e-05    37.249924001674025
1.1719776200383111e-05    37.531703488942036
1.1812140542572315e-05    37.81561454223983
1.1905232814336468e-05    38.10167330419401
1.1999058752537366e-05    38.389896039951886
1.2093624139249399e-05    38.68029913811569
1.2188934802115873e-05    38.972899111683006
1.2284996614708141e-05    39.26771259899212
1.2381815496887565e-05    39.564756359727255
1.247939741517033e-05    39.86404724844481
1.2577748383095143e-05    40.16560223389456
1.2676874461593802e-05    40.469438412457365
1.2776781759364725e-05    40.77557300913312
1.287747643324938e-05    41.084023378501094
1.2978964688611728e-05    41.39480700569249
1.3081252779720611e-05    41.70794150736326
1.3184347010135188e-05    42.0234446326809
1.328825373309339e-05    42.3413342643133
1.3392979351903437e-05    42.66162841942847
1.3498530320338459e-05    42.98434525070003
1.3604913143034196e-05    43.309503047439605
1.3712134375889864e-05    43.63712025528803
1.3820200626472158e-05    43.96721549829693
1.3929118554422455e-05    44.29980754681174
1.4038894871867203e-05    44.63491531377953
1.4149536343831574e-05    44.972557855836655
1.4261049788656358e-05    45.31275437440399
1.4373442078418141e-05    45.65552421679508
1.4486720139352811e-05    46.00088687732616
1.4600890952282385e-05    46.348861998439524
1.4715961553045204e-05    46.699469371834425
1.483193903292952e-05    47.05272893960636
1.494883053911051e-05    47.40866079539466
1.5066643275090714e-05    47.767285183945695
1.5185384501143958e-05    48.12862248070205
1.5305061534762776e-05    48.492693197914114
1.542568175110935e-05    48.859518002337445
1.554725258347001e-05    49.22911771681557
1.566978152371331e-05    49.601513321457496
1.579327612275173e-05    49.9767259548233
1.591774399100699e-05    50.35477691511943
1.6043192798879057e-05    50.73568766140062
1.616963027721884e-05    51.11947981478478
1.6297064217804594e-05    51.50617515967402
1.6425502473822102e-05    51.89579564498597
1.6554952960348637e-05    52.28836338539291
1.6685423654840725e-05    52.683900661180296
1.6816922597625754e-05    53.08242991512673
1.6949457892397484e-05    53.48397375785411
1.708303770671541e-05    53.88855497053061
1.7217670272508142e-05    54.29619650615379
1.735336388658064e-05    54.70692149084175
1.749012691112555e-05    55.12075322513552
1.7627967774238534e-05    55.53771518531184
1.7766894970437622e-05    55.95783102470272
1.7906917061186715e-05    56.381124575029936
1.8048042675423193e-05    56.80761984774276
1.8190280510089664e-05    57.23734103537254
1.8333639330669926e-05    57.67031251344827
1.8478127971729135e-05    58.10655886637173
1.862375533745826e-05    58.546104899363684
1.877053040222279e-05    58.98897560864527
1.891846221111578e-05    59.435196180387166
1.9067559880515297e-05    59.88479199215768
1.9217832598646165e-05    60.33778861438539
1.9369289626146244e-05    60.79421181183019
1.952194029663709e-05    61.25408754506998
1.9675794017299166e-05    61.717441971992905
1.9830860269451546e-05    62.184301449306105
1.9987148609136224e-05    62.65469253405275
2.0144668667707002e-05    63.12864198514379
2.0303430152423015e-05    63.60617675815308
2.046344284704697e-05    64.08732395626798
2.0624716612448056e-05    64.57211085845418
2.0787261387209646e-05    65.06056494872102
2.095108718824174e-05    65.55271391786748
2.1116204111398287e-05    66.04858566502877
2.1282622332099337e-05    66.54820829923598
2.1450352105958102e-05    67.05161014098584
2.1619403769412976e-05    67.55881972382325
2.1789787740364513e-05    68.06986579593497
2.1961514518817446e-05    68.58477732175551
2.2134594687527743e-05    69.10358348358379
2.2309038912654782e-05    69.62631368325243
2.2484857944418657e-05    70.1529975628052
2.2662062617762677e-05    70.68366503793344
2.2840663853021055e-05    71.21834625907475
2.3020672656591902e-05    71.75707160520057
2.320210012161547e-05    72.29987168555238
2.3384957428657818e-05    72.8467773413881
2.356925584639978e-05    73.39781964774723
2.3755006732331424e-05    73.9530299152271
2.3942221533451955e-05    74.51243969177148
2.413091178697516e-05    75.07608076447366
2.4321089121040354e-05    75.64398516139343
2.4512765255429037e-05    76.21618515339028
2.470595200228706e-05    76.7927132550924
2.4900661266852594e-05    77.37360220976156
2.5096905048189806e-05    77.95888499173687
2.5294695439928272e-05    78.54859482389377
2.5494044631008287e-05    79.14276518014704
2.5694964906432002e-05    79.7414297873477
2.5897468648020486e-05    80.34462262719077
2.6101568335176775e-05    80.95237793814015
2.630727654565492e-05    81.56473021736458
2.651460595633509e-05    82.18171422269394
2.6723569344004787e-05    82.80336497458546
2.6934179586146267e-05    83.42971775810412
2.714644966173004e-05    84.06080812492284
2.7360392652014793e-05    84.6966718962222
2.7576021741353463e-05    85.33734516853995
2.7793350218005773e-05    85.98286431280903
2.801239147495711e-05    86.63326597493035
2.8233159010743865e-05    87.28858707785002
2.8455666430285313e-05    87.94886482365195
2.867992744572201e-05    88.61413669566821
2.8905955877260796e-05    89.28444046060473
2.9133765654026495e-05    89.95981417068087
2.936337081492032e-05    90.64029616578856
2.9594785509484977e-05    91.32592507566744
2.9828023998776676e-05    92.01673982209141
3.0063100656243963e-05    92.71277962095218
3.0300029968613516e-05    93.41408397431664
3.0538826536782855e-05    94.1206926648134
3.077950507672015e-05    94.83264577340132
3.102208042037113e-05    95.54998368334942
3.1266567516573064e-05    96.27274708250647
3.1512981431976e-05    97.00097696559706
3.1761337351971285e-05    97.73471463652442
3.201165058162735e-05    98.4740017107012
3.22639365466329e-05    99.2188801173866
3.25182107942475e-05    99.96939210205268
3.277448899425974e-05    100.72558022875802
3.303278693995286e-05    101.48748738254599
3.329312054907802e-05    102.25515677581211
3.355550586483523e-05    103.02863199133446
3.381995905686207e-05    103.80795696964213
3.408649642223008e-05    104.59317598478515
3.435513438644914e-05    105.38433364644906
3.4625889504479664e-05    106.1814749025058
3.489877846175283e-05    106.98464504158045
3.517381807519878e-05    107.79388969564573
3.5451025294283076e-05    108.6092548426265
3.5730417202051096e-05    109.43078680903497
3.601201101618086e-05    110.25853227261484
3.62958240900441e-05    111.09253826501431
3.658187391377558e-05    111.9328521744698
3.687017811535101e-05    112.77952172433501
3.7160754461673376e-05    113.63259491821174
3.7453620859667804e-05    114.492120104336
3.774879535738509e-05    115.35814599473163
3.8046296145113926e-05    116.2307216679364
3.834614155650192e-05    117.10989657174179
3.864835006968536e-05    117.99572052596179
3.8952940308427946e-05    118.8882437252119
3.9259931043268576e-05    119.78751674171814
3.956934119267795e-05    120.69359052814022
3.988118982422455e-05    121.60651642042114
4.019549615574962e-05    122.52634614065501
4.051227955655151e-05    123.45313180192927
4.083155954857932e-05    124.38692596888467
4.115335580763591e-05    125.32778167209585
4.14776881645905e-05    126.27575234783359
4.180457660660069e-05    127.23089183736474
4.2134041278344214e-05    128.19325439003077
4.246610248326038e-05    129.1628946663444
4.2800780684801246e-05    130.1398677411184
4.3138096507692706e-05    131.12422910660823
4.3478070739205515e-05    132.1160346756916
4.3820724330436305e-05    133.1153407850536
4.4166078397598685e-05    134.1222041984185
4.4514154223324576e-05    135.1366821097863
4.486497325797574e-05    136.15883213117297
4.521855712096569e-05    137.18871220545128
4.557492760209197e-05    138.2263806680634
4.5934106662879e-05    139.2718962927546
4.629611643793143e-05    140.3253182949769
4.666097923629822e-05    141.38670633519294
4.7028717542847436e-05    142.45612052219562
4.739935401965192e-05    143.5336214164616
4.777291150738579e-05    144.61927003351832
4.8149413026732074e-05    145.71312784734835
4.852888177980136e-05    146.81525679380798
4.891134115156158e-05    147.92571927407613
4.9296814711279224e-05    149.04457815837432
4.9685326213971684e-05    150.17189683385624
5.007689960187132e-05    151.30773926173347
5.0471559005900764e-05    152.45216989959684
5.086932874716008e-05    153.60525369276795
5.127023333842559e-05    154.76705607799815
5.167429748566041e-05    155.93764298718614
5.2081546089537e-05    157.11708085113378
5.249200424697174e-05    158.30543660332253
5.290569725267145e-05    159.502777683722
5.3322650600692246e-05    160.70917204262616
5.374288998601059e-05    161.9246881445193
5.4166441306106813e-05    163.14939497197523
5.459333066256101e-05    164.38336202460835
5.502358436266154e-05    165.62665925178047
5.545722892102634e-05    166.87935707073785
5.5894291061236775e-05    168.14152642680043
5.6334797717484537e-05    169.41323879886903
5.677877603623155e-05    170.69456620341253
5.7226253377882766e-05    171.98558119849045
5.7677257318472353e-05    173.2863568878084
5.813181565136303e-05    174.5969669247987
5.858995638895891e-05    175.9174855167336
5.9051707764431726e-05    177.24798742886546
5.951709823346068e-05    178.58854798860406
5.998615647598617e-05    179.93924308972333
6.045891139797709e-05    181.30014921353597
6.0935392133212205e-05    182.6713434893221
6.141562804507553e-05    184.05290364768342
6.189964872836596e-05    185.4449080060772
6.238748401112088e-05    186.84743547324194
6.287916395645448e-05    188.26056555365471
6.337471886441043e-05    189.6843783520297
6.387417927382897e-05    191.118954577843
6.437757596422904e-05    192.56437554989856
6.488493995770505e-05    194.02072320091344
6.539630252083859e-05    195.48808008216344
6.59116951666253e-05    196.9665293681372
6.643114965641679e-05    198.45615486024911
6.695469800187811e-05    199.95704094360454
6.748237246696031e-05    201.46927256863714
6.801420556988882e-05    202.99293531886258
6.855023008516743e-05    204.52811542096163
6.909047904559791e-05    206.0748997495951
6.963498574431585e-05    207.63337583223753
7.018378373684219e-05    209.20363185406214
7.073690684315124e-05    210.78575666285144
7.129438914975476e-05    212.37983977395362
7.185626501180261e-05    213.98597137526554
7.24225690551999e-05    215.60424233226135
7.29933361787408e-05    217.2347441930505
7.35686015562592e-05    218.87756919851998
7.414840063879641e-05    220.53281032721895
7.47327691567857e-05    222.20056128061785
7.532174312225428e-05    223.88091646589058
7.591535883104262e-05    225.57397100102713
7.65136528650411e-05    227.27982072015203
7.711666209444444e-05    228.99856217890928
7.772442368002382e-05    230.73029265987475
7.833697507541699e-05    232.47511017801267
7.895435402943632e-05    234.23311348616417
7.957659858839504e-05    236.00440208059513
8.020374709845201e-05    237.78907620656915
8.083583820797468e-05    239.58723686388635
8.147291086992093e-05    241.39898575920643
8.211500434423948e-05    243.22442521712867
8.276215820028935e-05    245.06365830305148
8.34144123192783e-05    246.91678885295272
8.407180689672058e-05    248.78392147909162
8.473438244491404e-05    250.66516157575023
8.540217979543653e-05    252.56061532502244
8.60752401016625e-05    254.4703897026413
8.675360484129875e-05    256.39459248384935
8.743731581894068e-05    258.33333224931357
8.812641516864858e-05    260.2867183910829
8.882094535654406e-05    262.2548611185843
8.9520949183427e-05    264.23787147131094
9.022646978741347e-05    266.23586146270765
9.093755064659371e-05    268.24894408658946
9.16542355817118e-05    270.2772331932346
9.237656875886602e-05    272.3208434902002
9.310459469223064e-05    274.3798905487601
9.383835824679913e-05    276.4544908104027
9.457790464114894e-05    278.54476159335934
9.532327945022827e-05    280.6508210991948
9.607452860816442e-05    282.77278841944224
9.683169841109469e-05    284.9107835422945
9.759483552001932e-05    287.06492735933153
9.836398696367705e-05    289.2353416723144
9.913920014144324e-05    291.4221491557251
9.992052282625086e-05    293.62547316334644
0.0001007080031675347    295.8454378879867
0.00010150168969419836    298.0821684488208
0.00010230163131760505    300.33579089828845
0.00010310787733459163    302.6064322289684
0.00010392047743050673    304.8942203805203
0.00010473948168227248    307.1992842466514
0.00010556494056147057    309.5217536821551
0.00010639690493745276    311.8617595099891
0.00010723542608047543    314.21943352840225
0.00010808055566485931    316.59490851813246
0.000108932345772174    318.9883182497424
0.00010979084889444735    321.39979750116646
0.0001106561179374004    323.8294820736385
0.00011152820622370784    326.27750878295217
0.00011240716749628383    328.7440154650635
0.0001132930559215941    331.22914098359223
0.00011418592609299383    333.7330252374113
0.00011508583303409223    336.25580916826334
0.00011599283220214316    338.7976347684633
0.0001169069794914628    341.3586450886185
0.00011782833123687435    343.93898424544216
0.00011875694421717935    346.53879742960225
0.00011969287565865699    349.158230913626
0.00012063618323859051    351.79743205937893
0.0001215869250888218    354.4565493207338
0.00012254515979933357    357.135732253498
0.0001235109464218602    359.83513152718854
0.00012448434447352675    362.55489893328297
0.00012546541394051674    365.29518739348714
0.00012645421528176872    368.0561509680439
0.0001274508094327023    370.83794486410363
0.00012845525780897323    373.64072544416365
0.00012946762231025798    376.4646502345703
0.0001304879653240688    379.3098779340645
0.0001315163497295979    382.1765684224131
0.00013255283890159272    385.06488276908743
0.00013359749671426128    387.9749832094441
0.0001346503875452085    390.90703307154325
0.00013571157627940365    393.86119687037933
0.0001367811283131785    396.8376403407436
0.00013785910955825819    399.836530446126
0.0001389455864458221    402.8580353876821
0.00014004062593059844    405.9023246132604
0.00014114429549499005    408.9695688264948
0.00014225666315323315    412.05993999596234
0.00014337779745558868    415.173611364419
0.00014450776749256678    418.3107574580657
0.0001456466428991846    421.4715540959312
0.0001467944938592575    424.6561783952243
0.00014795139110972412    427.86480865219505
0.00014911740594500573    431.0976243206247
0.00015029261022139975    434.3548061667184
0.00015147707636150782    437.63653628779247
0.0001526708773586989    440.9429981218688
0.00015387408678160783    444.2743764573274
0.00015508677877866859    447.63085744260854
0.00015630902808268398    451.0126285960237
0.00015754091001543102    454.4198788155934
0.0001587825004923028    457.8527983889828
0.00016003387602698648    461.3115790034868
0.00016129511373617908    464.79641375609594
0.00016256629134433923    468.30749716832327
0.00016384748718847723    471.84502522512406
0.00016513878022298271    475.40919536731354
0.00016644025002449006    479.00020648800677
0.00016775197679678254    482.61825894302865
0.00016907404137573464    486.263554561445
0.0001704065252342941    489.93629665613463
0.0001717495104875022    493.63669003447296
0.00017310307989755437    497.36494100906543
0.00017446731687890051    501.12125740856607
0.00017584230550338534    504.9058485885812
0.00017722813050542955    508.7189254426182
0.0001786248772872512    512.5607004122527
0.00018003263192412942    516.4313873059527
0.000181451481169708    520.3312010619934
0.00018288151246134213    524.2603581224773
0.00018432281392548666    528.2190765021329
0.00018577547438312697    532.2075757993335
0.00018723958335525257    536.226077207219
0.00018871523106837377    540.274803524877
0.00019020250846008238    544.3539791685916
0.00019170150718465507    548.463830183192
0.00019321231961870233    552.6045842534378
0.00019473503886686068    556.7764707155236
0.0001962697587675307    560.9797205686207
0.00019781657389865946    565.2145664903514
0.0001993755795835696    569.4812429066404
0.00020094687189683286    573.7799859937533
0.00020253054767019126    578.1110336429412
0.00020412670449852433    582.4746254710366
0.00020573544074586322    586.8710028325723
0.00020735685555145283    591.3004088319184
0.00020899104883586082    595.763088335592
0.00021063812130713588    600.2592879845422
0.00021229817446701343    604.7892562066111
0.00021397131061717077    609.3532432290149
0.00021565763286553167    613.9515010909367
0.00021735724513262042    618.5842836561933
0.0002190702521579658    623.2518465010829
0.00022079675950655586    627.9544464908947
0.00022253687357534364    632.692342177937
0.0002242907015998034    637.4657939649171
0.00022605835166053954    642.2750641175834
0.00022783993268994684    647.1204167773977
0.0002296355544789236    652.0021179743285
0.00023144532768363765    656.9204356396855
0.00023326936383234536    661.8756396190724
0.000235107775332265    666.868001685389
0.00023696067547650338    671.8977955519454
0.0002388281784510381    676.9652968856277
0.000240710399341754    682.0707833152441
0.00024260745414153548    687.2145341841969
0.00024451945975741466    692.396830424345
0.00024644653401777595    697.6179549219884
0.00024838879567961697    702.8781925625209
0.0002503463644358673    708.1778302437039
0.00025231936092276453    713.517156889047
0.00025430790672728847    718.8964634612229
0.00025631212439465416    724.3160429756067
0.0002583321374358635    729.7761905138793
0.0002603680703353172    735.277203237694
0.0002624200485584856    740.8193804024468
0.00026448819855964107    746.4030233711419
0.00026657264778965023    752.0284356120237
0.00026867352470382887    757.695922577524
0.00027079095876985764    763.4057917826663
0.0002729250804757604    769.1583528978746
0.00027507602133794646    774.9539177638661
0.00027724391390931415    780.7928004058452
0.00027942889178742046    786.6753170477892
0.00028163108962271356    792.6017861268331
0.00028385064312683086    798.5725283076991
0.00028608768908096224    804.5878664972389
0.00028834236534427927    810.6481258590694
0.0002906148108624311    816.7536338282457
0.0002929051656761067    822.9047201255756
0.00029521357092966515    829.1017163356526
0.0002975401688798336    835.3449550990786
0.0002998851029044741    841.6347711159071
0.00030224851751141916    847.9715013738773
0.0003046305583473774    854.3554851625379
0.0003070313722069088    860.787064087429
0.00030945110704147093    867.2665820843944
0.00031188991196853707    873.7943854339069
0.00031434793728078497    880.3708227754826
0.0003168253344553593    886.9962451221932
0.0003193222561632061    893.6710058752094
0.0003218388562784815    900.3954608384468
0.00032437528988803427    907.1699682256536
0.0003269317133009627    913.9948885059994
0.00032950828405824774    920.8705844124288
0.0003321051609424615    927.7974211211522
0.0003347225039875521    934.7757662739406
0.0003373604744887056    941.8059899930468
0.0003400192350122869    948.8884648961009
0.000342698949405857    956.023566111144
0.00034539978280827033    963.2116712916867
0.0003481219016598519    970.4531606318745
0.00035086547371265397    977.7484168817233
0.00035363066804079425    985.0978253623651
0.00035641765505087453    992.5017739814733
0.0003592266064924828    999.9606530243051
0.00036205769546877685    1007.4748541023887
0.0003649110964471521    1015.0447709582751
0.00036778698526999335    1022.6707999226608
0.0003706855391655109    1030.353339929518
0.00037360693675866214    1038.0927925307508
0.00037655135808216053    1045.8895619109308
0.0003795189845875689    1053.7440549020932
0.0003825099991564818    1061.656680998569
0.0003855245861117964    1069.6278523719104
0.00038856293122907065    1077.6579838858324
0.0003916252217479723    1085.7474931112013
0.00039471164638381714    1093.8968003340685
0.00039782239533919973    1102.1063278463323
0.0004009576603157133    1110.3764993059335
0.0004041176345257645    1118.7077409261542
0.00040730251270448007    1127.10048163419
0.00041051249112170697    1135.5551530852579
0.00041374776759410824    1144.0721896766877
0.00041700854149735305    1152.6520285620934
0.00042029501377840425    1161.2951096655688
0.0004236073869679005    1170.0018756958782
0.0004269458651926381    1178.772772160803
0.00043031065418815064    1187.608247381359
0.0004337019613113869    1196.5087525061895
0.0004371199955534898    1205.4747414731844
0.0004405649675526758    1214.5066704212052
0.00044403708960721476    1223.6049978955639
0.00044753657568851363    1232.7701852837495
0.0004510636414543025    1242.0026968372852
0.0004546185042619244    1251.3029996856667
0.00045820138318173    1260.6715638502658
0.00046181249901057817    1270.1088622582574
0.0004654520742854431    1279.6153707565973
0.0004691203332971271    1289.1915681260218
0.0004728175021040838    1298.837936095012
0.00047654380854634826    1308.5549593538562
0.0004802994822595787    1318.3431255686737
0.00048408475468920666    1328.2029246962863
0.00048789985910470114    1338.1348471360386
0.0004917450306139436    1348.1393856313227
0.0004956205061777161    1358.2170358414487
0.0004995265246243045    1368.368296353743
0.0005034633266642168    1378.5936686954822
0.0005074311549050161    1388.893657345989
0.0005114302538662726    1399.268769748558
0.0005154608699946308    1409.7195163224724
0.0005195232516789989    1420.2464104749467
0.0005236176492658537    1430.84996861309
0.0005277443150746698    1441.530710155829
0.0005319035034134685    1452.2891575228343
0.0005360954705944896    1463.1258353583407
0.0005403204749499866    1474.0412703179786
0.0005445787768481476    1485.0359919979035
0.0005488706387091392    1496.1105330070397
0.0005531963250212788    1507.265428977884
0.0005575561023573346    1518.5012185771511
0.000561950239390952    1529.8184435164794
0.000566379006913212    1541.2176485630898
0.0005708426778493174    1552.6993815503397
0.0005753415272754141    1564.2641933882944
0.000579875832435541    1575.9126380742264
0.0005844458727587148    1587.645272703065
0.0005890519298761524    1599.4626571686704
0.0005936942876386253    1611.3653521847205
0.0005983732321339507    1623.3539204872725
0.0006030890517046243    1635.4289278371532
0.0006078420369655873    1647.590943032788
0.0006126324808221382    1659.8405379183841
0.0006174606784879796    1672.1782873919876
0.000622326927503415    1684.6047694135416
0.0006272315277536831    1697.1205650127247
0.0006321747814874363    1709.7262582968403
0.0006371569933353711    1722.4224364585546
0.0006421784703289972    1735.2096897834633
0.0006472395219195618    1748.0886116534266
0.0006523404599971163    1761.059797420204
0.0006574815989097402    1774.1238428513236
0.0006626632554829113    1787.2813463425166
0.000667885749039028    1800.532909292457
0.0006731494014170931    1813.8791361075953
0.0006784545369925412    1827.3206342068577
0.0006838014826972341    1840.8580140261838
0.0006891905680396031    1854.4918890229833
0.000694622125124959    1868.2228756804052
0.0007000964886759575    1882.051593511497
0.0007056139960532239    1895.9786650632102
0.0007111749872761471    1910.0047159202798
0.0007167798050438298    1924.1303746375281
0.0007224287947562111    1938.3562715910016
0.0007281223045353501    1952.6830391388346
0.000733860685246877    1967.1113125897728
0.0007396442905216207    1981.6417302360048
0.0007454734767773952    1996.2749333547733
0.0007513486032409701    2011.0115662100445
0.0007572700319702027    2025.8522760536837
0.0007632381278763545    2040.7977131268694
0.000769253258746577    2055.8485306608636
0.0007753157952665749    2071.0053848779517
0.0007814261110434546    2086.2689349920993
0.0007875845826287426    2101.6398432092565
0.0007937915895415954    2117.118773668603
0.0008000475142921833    2132.706388546623
0.0008063527424052667    2148.403351405544
0.0008127076624439524    2164.210328577478
0.0008191126660336373    2180.1279891601703
0.000825568147886147    2196.1570050123055
0.0008320745058240541    2212.2980507486413
0.0008386321408052014    2228.5518037347915
0.000845241456947404    2244.918944081872
0.0008519028615533584    2261.4001546407467
0.0008586167651357414    2277.996120996063
0.0008653835814425059    2294.7075314601184
0.0008722037274823821    2311.5350770409027
0.0008790776235505718    2328.479449955665
0.0008860056932546544    2345.541342751926
0.0008929883635406856    2362.7214503629866
0.0009000260647195142    2380.020470292773
0.0009071192304932979    2397.4391026057733
0.0009142682979822271    2414.9780499167628
0.0009214737077514695    2432.6380173801826
0.0009287359038383133    2450.419712679181
0.0009360553337795371    2468.323846014411
0.0009434324486389839    2486.3511300923474
0.0009508677030353636    2504.5022801134623
0.0009583615551702667    2522.778013759882
0.0009659144668563981    2541.1790505321806
0.0009735269035460437    2559.706106044408
0.0009811993343597464    2578.359894585799
0.0009889322321152228    2597.141132524496
0.0009967260733564941    2616.0505383265804
0.0010045813383832605    2635.088832536381
0.0010124985112804949    2654.256737756318
0.0010204780799482744    2673.5549786264223
0.001028520536131853    2692.984281803323
0.0010366263754519585    2712.5453759389584
0.0010447960974353419    2732.238991658682
0.0010530302055455551    2752.0658615390093
0.0010613292072139823    2772.0267200832345
0.0010696936138711085    2792.1223014938323
0.001078123940978034    2812.353335248656
0.0010866207080582467    2832.7205512219284
0.0010951844387296294    2853.224680827372
0.0011038156607367357    2873.8664569883017
0.0011125149059833099    2894.6466141073715
0.001121282710565062    2915.5658880355504
0.001130119614802712    2936.62501604089
0.0011390261632752802    2957.8247367764575
0.0011480029048536544    2979.1657902480106
0.0011570503927344068    3000.6489177808708
0.001166169184473892    3022.274861986544
0.001175359842022603    3044.044366451629
0.0011846229317598006    3065.9581691376447
0.001193959024528421    3088.017001856707
0.0012033686956702489    3110.2215968222977
0.0012128525250613795    3132.572686928769
0.0012224110971479473    3155.0710057074707
0.0012320450009821481    3177.71728728221
0.0012417548302585384    3200.512266324179
0.0012515411833506171    3223.456678006148
0.00126140466334771    3246.551257956171
0.0012713458780921254    3269.7967422104343
0.0012813654402166227    3293.193867165592
0.0012914639671821558    3316.74336953045
0.0013016420813159336    3340.445984345568
0.0013119004098497676    3364.3024352843295
0.0013222395849587217    3388.3134415386203
0.0013326602438000785    3412.4797218929953
0.0013431630285525953    3436.8019946711074
0.0013537485864560876    3461.280977675035
0.001364417569851307    3485.9173881237843
0.0013751706362201495    3510.7119425911883
0.0013860084482261704    3535.665356942827
0.001396931673755417    3560.7783462723587
0.0014079409859575965    3586.051624836974
0.0014190370632875488    3611.4859059922087
0.001430220589547067    3637.0819020781305
0.0014414922539270274    3662.8403187991053
0.0014528527510498685    3688.761849759463
0.001464302781012396    3714.847185685858
0.0014758430494289214    3741.0970155538294
0.001487474267474754    3767.5120265098403
0.0014991971519300199    3794.0929037924375
0.0015110124252238418    3820.8403306526225
0.0015229208154788484    3847.7549882733224
0.0015349230565560581    3874.837555687874
0.0015470198881000956    3902.0887096979636
0.00155921205558477    3929.509124790205
0.001571500310359026    3957.0994730525013
0.0015838854096932344    3984.8604233044884
0.0015963681168258673    4012.792631544781
0.001608949201010532    4040.8967436225144
0.0016216294375633697    4069.173401980985
0.001634409607910846    4097.623245704911
0.001647290499637896    4126.246910422958
0.0016602729065364693    4155.045028209739
0.0016733576286544374    4184.018227486783
0.0016865454723449076    4213.167132922351
0.0016998372503159098    4242.492365330733
0.0017132337816804755    4271.994541570076
0.001726735892007128    4301.674274439794
0.0017403444133707443    4331.532172576613
0.0017540601844038468    4361.568835304353
0.001767884050348269    4391.784838349473
0.001781816863107258    4422.180747777727
0.0017958594812979673    4452.757124263001
0.001810012770304365    4483.514522967159
0.001824277602330574    4514.453493418855
0.0018386548564546116    4545.574579391208
0.0018531454186825724    4576.8783187786585
0.0018677501820032188    4608.365243472743
0.0018824700464430233    4640.035879236942
0.001897305919121626    4671.89074558046
0.0019122587143077332    4703.930355631139
0.001927329353475471    4736.1552156985545
0.0019425187653611584    4768.5658136745205
0.001957827886020554    4801.162615139461
0.0019732576588865278    4833.946077018219
0.001988809034827213    4866.916648415504
0.0020044829722045978    4900.074770471746
0.002020280436933581    4933.420876218273
0.002036202402541508    4966.9553904312825
0.002052249850228151    5000.678729484911
0.002068423768926191    5034.591301203286
0.002084725155362148    5068.6935047118905
0.002101155014117813    5102.985730287569
0.002117714357692156    5137.468359207975
0.0021344042065637122    5172.141761454017
0.0021512255892534855    5207.006281055948
0.002168179542388313    5242.062244343105
0.0021852671107647687    5277.309967270523
0.0022024893474135265    5312.749755295488
0.0022198473136642743    5348.38190321157
0.0022373420792111097    5384.206694981817
0.002254974722178455    5420.224403571167
0.0022727463291875123    5456.435290777857
0.002290657995423209    5492.839607064243
0.0023087108247017065    5529.437591386386
0.0023269059295384083    5566.22947102329
0.0023452444312165323    5603.215461374658
0.002363727459856204    5640.395756216918
0.0023823561544840948    5677.7705135204205
0.002401131663103632    5715.339874528806
0.002420055142765724    5753.103966962142
0.002439127759640084    5791.062904828726
0.002458350689087084    5829.21678823653
0.0024777251157301855    5867.565703203797
0.0024972522335289554    5906.10972146905
0.0025169332458526267    5944.848900300316
0.002536769365554275    5983.783282304078
0.002556761815045544    6022.912895233327
0.0025769118263719907    6062.237751795101
0.002597220641289008    6101.7578484558435
0.0026176895113383374    6141.473148093825
0.002638319697925216    6181.383581666892
0.0026591124723960888    6221.489062873843
0.0026800691161169778    6261.789488459831
0.0027011909205524277    6302.284738010317
0.002722479187345108    6342.974673744157
0.002743935228396022    6383.859140306808
0.002765560365945345    6424.937964562886
0.0027873559326539264    6466.210955388824
0.0028093232716853937    6507.677903464959
0.002831463736788949    6549.338581067726
0.0028537786923827713    6591.192741861701
0.002876269513638118    6633.240113959735
0.002898937586564065    6675.48037370397
0.00292178430809291    6717.913167359798
0.002944811086166277    6760.53812048351
0.0029680193398218644    6803.354837701649
0.0029914104992809104    6846.362902489236
0.0030149860060363137    6889.561876947599
0.0030387473129414814    6932.951301582933
0.003062695884299857    6976.530695084724
0.003086833195955149    7020.299554105002
0.0031111607353823006    7064.257353037442
0.0031356800017791333    7108.4035437973625
0.003160392506158758    7152.737555325078
0.0031852997714426705    7197.2587755246595
0.003210403332554622    7241.966539619391
0.003235704736515199    7286.860155676695
0.0032612055425371546    7331.938906932876
0.003286907322121512    7377.202051564194
0.003312811659154389    7422.648822458178
0.0033389201500046268    7468.278426986563
0.003365234403622145    7514.090046779018
0.003391756041637115    7560.082837497816
0.0034184866984598838    7606.255928613897
0.003445428021381686    7652.608423183831
0.0034725816706761823    7699.139397628729
0.0034999493197017486    7745.847896822685
0.0035275326550046238    7792.732890733736
0.003555333376422817    7839.79329290124
0.0035833531971908843    7887.02798706108
0.003611593844045499    7934.43582725061
0.003640057057331852    7982.0156375788065
0.003668744591110923    8029.766211997949
0.003697658213267553    8077.686314078157
0.00372679970561941    8125.774676783437
0.0037561708640267886    8174.030002250253
0.0037857734985032665    8222.450961568382
0.003815609433327275    8271.03619456433
0.0038456805071544913    8319.784309578932
0.003875988573131176    8368.693868530665
0.003906535499008345    8417.763355685931
0.003937323167256896    8466.99121307775
0.003968353475183606    8516.375848806398
0.003999628335048044    8565.915636826448
0.0040311496741804375    8615.6089167371
0.004062919435100421    8665.453993576135
0.004094939575636768    8715.449137617046
0.00412721206904802    8765.592584170075
0.00415973890414411    8815.882533386834
0.004192522085408917    8866.31715006872
0.004225563633123781    8916.894563479163
0.004258865583492028    8967.612865441139
0.004292429988764426    9018.47006655817
0.004326258917365682    9069.464091446986
0.004360354454021883    9120.592823889341
0.004394718699888993    9171.854109013173
0.004429353772682328    9223.245753116775
0.004464261806807047    9274.765523498081
0.004499444953489718    9326.411148289288
0.0045349053809108485    9378.180316296839
0.004570645274338545    9430.070676846954
0.004606666836263136    9482.079839636659
0.00464297228653294    9534.205374590701
0.004679563862491048    9586.444811724257
0.0047164438191131895    9638.795631777015
0.004753614429146724    9691.255217735212
0.004791077983250673    9743.82088883428
0.004828836790136907    9796.489921938328
0.004866893176712397    9849.259551467712
0.004905249488222632    9902.126969291488
0.004943908088396143    9955.089324626706
0.004982871359590147    10008.143723945088
0.005022141702937399    10061.287230887894
0.0050617215384941225    10114.516866187372
0.005101613305389183    10167.829607597252
0.005141819461974368    10221.222389830264
0.005182342485975915    10274.692104115473
0.005223184874647186    10328.23554633495
0.005264349144922551    10381.849363420119
0.005305837833572528    10435.530143347003
0.005347653497360072    10489.274427337345
0.005389798713198178    10543.078709838175
0.005432276078308659    10596.939438511474
0.0054750882103821955    10650.853014233575
0.005518237747739685    10704.815791105684
0.005561727349494786    10758.824076474539
0.005605559695717834    10812.874130964105
0.005649737487600954    10866.962168517759
0.005694263447624564    10921.084356451607
0.005739140319725134    10975.236807893318
0.005784370869464266    11029.415484804114
0.005829957884199157    11083.616224596051
0.005875904173254334    11137.834812990404
0.005922212568094819    11192.066985791786
0.00596888592250058    11246.308429010083
0.006015927112742431    11300.554778997262
0.006063339037759269    11354.801622596835
0.006111124619336707    11409.044497307863
0.006159286802287168    11463.278891462884
0.006207828554631319    11517.500244420455
0.006256752867781016    11571.703946771675
0.006306062756723612    11625.885340561766
0.006355761260207795    11680.039685057578
0.006405851440930833    11734.162055340981
0.006456336385727302    11788.24744228101
0.0065072192057593495    11842.29078549642
0.006558503036708376    11896.286973660866
0.006610191038968326    11950.23084482717
0.006662286397840391    12004.117186767346
0.006714792323729356    12057.940737331643
0.006767712052341421    12111.696184824728
0.006821048844883585    12165.37816840015
0.006874805988264663    12218.981278472942
0.006928986795297794    12272.500057150615
0.006983594604904642    12325.928995368275
0.007038632782321116    12379.262400008789
0.007094104719304791    12432.494346121364
0.00715001383434391    12485.618844148139
0.007206363572868034    12538.62985295859
0.007263157407460412    12591.521280428306
0.007320398838071925    12644.286984039312
0.007378091392236829    12696.920771504441
0.00743623862529009    12749.41640141311
0.007494844120586526    12801.767583901506
0.007553911489721614    12853.967981344793
0.0076134443727540356    12906.011209073307
0.007673446438430048    12957.890836112216
0.007733921384409518    13009.600359009179
0.007794872937493842    13061.133012062763
0.00785630485385556    13112.481876920645
0.007918220919269886    13163.639986009099
0.007980624949347977    13214.600324108276
0.008043520789772057    13265.355829291379
0.00810691231653246    13315.8993938933
0.008170803436166432    13366.223865506292
0.008235198085998915    13416.322048003445
0.008300100234385184    13466.186702591522
0.00836551388095536    13515.810548890111
0.008431443056860945    13565.186266041046
0.008497891825023187    13614.306493525006
0.008564864280383527    13663.16370791334
0.008632364550155874    13711.750032574831
0.008700396794081014    13760.057500170547
0.008768965204682927    13808.078102076737
0.008838074007527133    13855.803789772554
0.008907727461481154    13903.226476258698
0.00897792985897689    13950.338037512569
0.009048685526275226    13997.130313975633
0.009119998823732562    14043.59511207546
0.009191874146069586    14089.724205780987
0.009264315922642074    14135.50933819212
0.009337328617713827    14180.942223162774
0.009410916730731841    14226.014530355746
0.00948508479660352    14270.717585963535
0.00955983738597622    14315.042402294983
0.009635179105518827    14358.979951521682
0.009711114598205733    14402.521177671826
0.009787648543602914    14445.656998635444
0.009864785658156296    14488.37830821118
0.009942530695482467    14530.675978191775
0.010020888446661548    14572.540860490493
0.010099863740532527    14613.963789306537
0.01017946144399075    14654.935583329887
0.010259686462287922    14695.447047985053
0.010340543739334372    14735.488977713578
0.010422038258003682    14775.052073078135
0.010504175040439837    14814.126599393647
0.010586959148366633    14852.702678625255
0.010670395683399695    14890.77042468707
0.010754489787360781    14928.319946187326
0.01083924664259472    14965.34134917102
0.01092467147228875    15001.824739907783
0.011010769540794363    15037.760227721887
0.011097546153951806    15073.137927865866
0.011185006659416965    15107.947964435243
0.011273156446990997    15142.180473325101
0.01136200094895241    15175.82560522725
0.011451545640391888    15208.873524272192
0.011541796039549674    15241.314097763508
0.011632757708155602    15273.136687312712
0.011724436251771915    15304.330625243841
0.011816837320138622    15334.885267341122
0.011909966607521758    15364.78999646206
0.012003829853064203    15394.034226195916
0.012098432841139446    15422.607404567721
0.012193781401708003    15450.499017786702
0.012289881410676676    15477.698594036907
0.01238673879026072    15504.195707310115
0.012484359509348722    15529.979981278895
0.012582749583870515    15555.04109320833
0.012681915077167883    15579.368731542181
0.012781862100368175    15602.952153547481
0.012882596812760985    15625.780381907221
0.012984125422177643    15647.84250026655
0.013086454185373856    15669.127661800425
0.013189589408415199    15689.625093760398
0.013293537447065806    15709.324102059933
0.013398304707180017    15728.21407589808
0.013503897645097095    15746.284492416284
0.013610322768039206    15763.524921390406
0.013717586634512316    15779.92502995204
0.013825695854710465    15795.474587339633
0.013934657090923022    15810.16346960838
0.014044477057945351    15823.981473821179
0.014155162523492568    15836.917904281843
0.014266720308616556    15848.96206310787
0.01437915728812643    15860.103376376315
0.014492480391012084    15870.331399533936
0.014606696600871286    15879.635822831318
0.014721812956339966    15888.006476777005
0.014837836551526052    15895.433337608378
0.01495477453644661    15901.906532777808
0.015072634117468429    15907.416346449238
0.015191422557752219    15911.953225002226
0.01531114717770009    15915.507782541867
0.015431815355406775    15918.07079529278
0.01555343452711423    15919.632906435194
0.01567601218766996    15920.184596786541
0.01579955589098887    15919.716519015295
0.015924073250518735    15918.219521657762
0.01604957193970948    15915.684655035964
0.01617605969248594    15912.10317716078
0.01630354430372459    15907.466559619807
0.0164320336297338    15901.766493442936
0.01656153558873806    15894.994894942805
0.016692058161365937    15887.143911524969
0.016823609391141813    15878.205927465086
0.01695619738498168    15868.173569646304
0.017089830313692628    15857.039688203713
0.017224516412476475    15844.797225883547
0.017360263981437175    15831.439321622089
0.01749708138609238    15816.959380287137
0.017634977057888968    15801.351078497153
0.017773959494722557    15784.608370215466
0.01791403726146131    15766.725492276231
0.018055218990473645    15747.696969836252
0.01819751338216028    15727.517621748952
0.01834092920549039    15706.182565854899
0.01848547529854193    15683.687224184892
0.018631160569046405    15660.027328069023
0.01877799399493768    15635.198924304736
0.018925984624905395    15609.198557325439
0.019075141578952445    15582.023463295554
0.01922547404895714    15553.671248727054
0.019376991299239577    15524.139848576759
0.019529702667132557    15493.427530242761
0.01968361756355708    15461.532897432011
0.01983874547360218    15428.454893895729
0.01999509595710958    15394.192807026868
0.02015267864926269    15358.746271316726
0.020311503261180502    15322.115271664692
0.020471579580515986    15284.300146538924
0.0206329174720592    15245.301590982785
0.020795526878345363    15205.120737438703
0.020959417820267393    15163.76019749045
0.021124600397693618    15121.223769300357
0.021291084790090023    15077.515614126585
0.02145888125714772    15032.640236533234
0.021628000139415113    14986.60248481569
0.021798451858935117    14939.407551257365
0.021970246919887554    14891.060972216344
0.022143395909236287    14841.568628039733
0.02231790949738185    14790.936742803922
0.022493798438818834    14739.171883880143
0.022671073572798784    14686.28096132326
0.022849745823998107    14632.271227082272
0.02302982620319127    14577.15095300207
0.02321132580792946    14520.931496687483
0.023394255823224335    14463.625199038344
0.023578627522237453    14405.244669550028
0.023764452266974854    14345.802781606637
0.02395174150898734    14285.312667656039
0.024140506790076177    14223.78771427073
0.02433075974300427    14161.241557095374
0.02452251209221319    14097.688075685224
0.024715775654545545    14033.141388236982
0.024910562339973342    13967.615846216006
0.02510688415233179    13901.126028881912
0.025304753190059214    13833.68679920578
0.025504181646942518    13765.315966503209
0.025705181812868613    13696.035241875183
0.025907766074581905    13625.86667866564
0.026111946916447484    13554.832384547039
0.02631773692122065    13482.954511374182
0.026525148770822134    13410.255245149245
0.02673419524711982    13336.756796104639
0.026944889232716356    13262.481388905911
0.027157243711742954    13187.45125298172
0.02737127177065974    13111.688612984568
0.027586986599062023    13035.215679386272
0.02780440149049325    12958.054639212816
0.028023529843264196    12880.228402176665
0.028244385161278533    12801.766119232216
0.028466981054865212    12722.699845609619
0.028691331241616994    12643.06134445913
0.028917449547236004    12562.882050457667
0.029145349906385568    12482.193057573042
0.029375046363549085    12401.025107405263
0.029606553073895484    12319.408578103265
0.029839884304151448    12237.373473849686
0.030075054433480793    12154.949414911907
0.03031207795437038    12072.165628250908
0.030550969473523443    11989.050938683333
0.03079174371275952    11905.633766061264
0.031034415509921864    11821.944791066362
0.03127899981979178    11738.021140754176
0.031525511715010106    11653.900346351282
0.03177396638700631    11569.619191307032
0.032024379146934435    11485.213704613701
0.03227676542661673    11400.719155175344
0.03253114077949483    11316.170047193598
0.03278752088158794    11231.600116543823
0.033045921532459    11147.042328110263
0.03330635865618855    11062.528874050868
0.033568848302355694    10978.091172961671
0.03383340664702742    10893.75986990944
0.03410004999375531    10809.56523575524
0.03436879477458051    10725.544757037276
0.03463965755104601    10641.742265954359
0.034912655015217425    10558.200615067884
0.035187803990711856    10474.961398914584
0.035465121433734245    10392.064964002422
0.035744624434122615    10309.5504203971
0.036026330216401066    10227.455654815796
0.03631025614084153    10145.81734514986
0.03659641970453321    10064.670976338344
0.03688483854246103    9984.05085751348
0.03717553042859263    9903.990140345635
0.03746851327697327    9824.520838511722
0.03776380514283008    9745.672605548243
0.038061424223684553    9667.467603135097
0.0383613888604743    9589.925088243242
0.03866371753868288    9513.063572954665
0.03896842888947918    9436.90084222149
0.03927554169086578    9361.453970790759
0.03958507486883577    9286.73934040749
0.039897047498539326    9212.772657268659
0.04021147880545907    9139.568969700711
0.04052838816659518    9067.142686034336
0.040847795111659035    8995.507592653597
0.04116971932427701    8924.676872194452
0.041494180643203635    8854.663256613785
0.04182119906354381    8785.48966556199
0.04215079473798527    8717.196463843427
0.042482987978040336    8649.824383315543
0.04281779925529796    8583.412725249666
0.04315524920268484    8517.999413295129
0.043495358615737126    8453.621048036006
0.04383814845388224    8390.312963023312
0.044183639841730016    8328.109282172447
0.04453185407037484    8267.042978426247
0.04488281259870754    8207.14593359099
0.045236537054738166    8148.448999262936
0.04559304923692831    8090.982013590595
0.0459523711155347    8034.755218028931
0.046314524833963394    7979.731345862281
0.046679532710133836    7925.866774195738
0.047047417237854626    7873.119016560176
0.04741820108820943    7821.446677972572
0.04779190711095456    7770.809412095874
0.048168558335926474    7721.167880411317
0.04854817797446138    7672.483713320618
0.048930789420825786    7624.71947310017
0.04931641625365777    7577.838618633045
0.049705082237420185    7531.805472790092
0.05009681132386552    7486.588526880726
0.050491627653511346    7442.167760889232
0.05088955555712837    7398.525765925487
0.05129061955723961    7355.645512658632
0.05169484436963208    7313.510340379614
0.0521022549048792    7272.103946400165
0.05251287626987637    7231.41037577717
0.05292673376938833    7191.4140113517815
0.05334385290760815    7152.09956409297
0.053764259389729216    7113.452063735907
0.054187979123529156    7075.450610026759
0.05461503822096685    7038.03834674193
0.05504546299979097    7001.146447095248
0.055479279985162146    6964.707478782864
0.055916515911287844    6928.655378647811
0.056357197723069345    6892.925414749463
0.056801352577762594    6857.454154562867
0.05724900784665157    6822.179439096876
0.057700191116735515    6787.040362729214
0.05815493019242834    6751.977187722162
0.058613253097272396    6716.929139860979
0.059075188075665766    6681.83403506199
0.05954076359460224    6646.630865218428
0.060010008345425976    6611.259964225496
0.06048295124559942    6575.66302036771
0.06095962144048584    6539.783093913372
0.061440048305144705    6503.564639686731
0.06192426144614233    6466.953534383794
0.06241229070337666    6429.8964934640135
0.06290416615191557    6392.334032172132
0.06339991810385066    6354.203155818859
0.06389957711016506    6315.442676650941
0.06440317396261658    6275.9933795899005
0.06491073969563457    6235.798089784744
0.06542230558823284    6194.801745043814
0.06593790316593752    6152.951472684247
0.0664575642027292    6110.196860859171
0.06698132072300146    6066.49627674098
0.06750920500353412    6021.818130245622
0.06804124957548287    5976.133389749864
0.06857748722638322    5929.415162557108
0.06911795100217147    5881.63875948441
0.06966267420922152    5832.781758773707
0.07021169041639667    5782.824068932247
0.0707650334571188    5731.749658012907
0.07132273743145315    5679.561903972538
0.0718848367082102    5626.2759171476755
0.07245136592706299    5571.908372850683
0.07302236000068213    5516.47737528279
0.0735978541168877    5460.002449872178
0.07417788374081699    5402.504532869926
0.07476248461711053    5344.006460262281
0.07535169277211465    5284.549673243746
0.07594554451610207    5224.197202304438
0.07654407644550885    5163.012875544792
0.07714732544519003    5101.059887786156
0.07775532869069304    5038.400717922989
0.07836812365054789    4975.097050447146
0.07898574808857674    4911.210633662726
0.0796082400662208    4846.820510538087
0.0802356379448865    4782.02027751547
0.08086798038830864    4716.9011268483355
0.08150530636493354    4651.551128482168
0.08214765515032084    4586.055168514921
0.0827950663295631    4520.4949017546505
0.08344757979972578    4454.955239937222
0.08410523577230566    4389.543275526602
0.08476807477570945    4324.36729070515
0.0854361376577505    4259.529994644357
0.08610946558816654    4195.128575777279
0.08678810006115718    4131.254777023278
0.0874720828979402    4067.9984832019286
0.08816145624932929    4005.470974279096
0.08885626259833142    3943.7889891873538
0.08955654476276542    3883.061822312194
0.09026234589789982    3823.391521182245
0.09097370949911261    3764.873187520265
0.09169067940457232    3707.595302494828
0.09241329979793854    3651.6401849089552
0.09314161521108542    3597.0871007772002
0.09387567052684555    3544.012621290839
0.09461551098177673    3492.48798392475
0.09536118216894854    3442.579368308027
0.09611273004075266    3394.348335999521
0.09687020091173507    3347.852278665791
0.09763364146144936    3303.142993513055
0.09840309873733395    3260.236937737085
0.09917862015761111    3219.1225787720773
0.09996025351420983    3179.788050896921
0.10074804697570995    3142.2221543723945
0.10154204909031116    3106.414469386638
0.1023423087888252    3072.3554687949563
0.10314887538769045    3040.0220412507133
0.10396179859201149    3009.3364003674637
0.10478112849862199    2980.211046370534
0.10560691559917276    2952.5626291763374
0.10643921078324207    2926.3116363959093
0.10727806534147238    2901.382104099365
0.10812353096873173    2877.6967189198904
0.1089756597672983    2855.1443438472247
0.10983450425007181    2833.6001598915436
0.11070011734381024    2812.9434353782444
0.11157255239239038    2793.057276176302
0.11245186316009576    2773.8283086039555
0.11333810383492975    2755.1432155960106
0.11423132903195556    2736.8704575350857
0.11513159379666076    2718.8732442093856
0.11603895360835015    2701.018312490461
0.11695346438356521    2683.17585317112
0.11787518247952886    2665.2194694807304
0.11880416469761924    2647.0243851294263
0.11974046828686975    2628.464764993462
0.12068415094749796    2609.41789389266
0.12163527083446    2589.7651282062575
0.12259388656103518    2569.3921552710062
0.12356005720243858    2548.1916182801574
0.12453384229946043    2526.083586738715
0.12551530186213605    2503.0052551976246
0.12650449637344377    2478.8982808086334
0.12750148679303286    2453.7089202756583
0.12850633456097912    2427.3898203006256
0.12951910160157165    2399.932684232481
0.13053985032712967    2371.3664478733
0.1315686436418475    2341.7236916968845
0.13260554494567175    2311.0390798184035
0.13365061813820808    2279.3506316067005
0.13470392762265998    2246.729792589193
0.13576553830979607    2213.2796281967458
0.13683551562195118    2179.102318976969
0.13791392549705864    2144.297360835545
0.13900083439271238    2108.964266742633
0.1400963092902633    2073.2323538639985
0.14120041769894648    2037.245724849026
0.1423132276600427    2001.141226871118
0.14343480775106981    1965.0479647604304
0.14456522709000968    1929.097858513365
0.1457045553395684    1893.4524168853966
0.14685286271146775    1858.2704230210231
0.14801021997077307    1823.6990195077522
0.1491766984402536    1789.8747283695736
0.15035237000477902    1756.9339224984224
0.1515373071157476    1725.0112566411026
0.1527315827955519    1694.230996158848
0.1539352706420798    1664.7075155494106
0.1551484448332481    1636.5293828487104
0.15637118013157517    1609.7433462882998
0.15760355188878739    1584.3883795092697
0.15884563605046403    1560.5009963535792
0.16009750916071575    1538.0972933467879
0.16135924836690244    1517.1272354973785
0.16263093142438836    1497.52982976519
0.16391263670133224    1479.2483040675102
0.16520444318351765    1462.218075253704
0.16650643047922029    1446.3298011815855
0.16781867882411475    1431.4672627254934
0.16914126908621763    1417.5199652132565
0.17047428277087162    1404.3747499422975
0.17181780202576952    1391.8972290558634
0.17317190964601464    1379.9527148841585
0.17453668907922432    1368.411271131161
0.17591222443067192    1357.1386491203907
0.17729860046847104    1345.9879758947502
0.1786959026287975    1334.815169011003
0.1801042170211553    1323.4809451124215
0.1815236304336843    1311.8513768681985
0.18295423033850639    1299.7980510132181
0.18439610489711755    1287.1979997859453
0.18584934296582012    1273.9422591842995
0.18731403410119976    1259.965138215591
0.1887902685656428    1245.216601104554
0.19027813733289928    1229.652900830338
0.1917777320936906    1213.2743410677174
0.1932891452613578    1196.1277337043796
0.19481246997755813    1178.2630323989854
0.19634780011800398    1159.744160907167
0.19789523029824965    1140.6798324578058
0.19945485587951992    1121.1843665438832
0.2010267729745877    1101.3698533008667
0.20261107845369836    1081.3678000709547
0.20420786995053689    1061.3151223805112
0.20581724586824632    1041.3405121881262
0.20743930538549116    1021.5742587367746
0.20907414846257066    1002.1472243533152
0.21072187584757682    983.1806749344526
0.21238258908260402    964.7840199410399
0.21405639051000794    947.0546048426712
0.21574338327871007    930.0816563520075
0.21744367135055576    913.9331265782016
0.21915735950672033    898.6466926184786
0.22088455335416773    884.2545995295759
0.2226253593321563    870.7659402343704
0.22437988471879927    858.1521576252571
0.2261482376376771    846.3825986020648
0.22793052706449826    835.4051317957268
0.22972686283381644    825.1358427465123
0.23153735564579844    815.4917527008656
0.23336211707304771    806.3710097151412
0.23520125956747767    797.6524141274531
0.23705489646724276    789.2178525300419
0.23892314200372425    780.9418026096074
0.24080611130856744    772.6962103527597
0.24270392042077774    764.3612052981342
0.244616686293873    755.8364910655623
0.2465445268030885    747.0310441203948
0.24848756075264228    737.8751420676823
0.2504459078830562    728.3351670474044
0.2524196888785365    718.3862554218027
0.2544090253744082    708.0347985201854
0.2564140399646127    697.309098125978
0.2584348562092637    686.2452026252005
0.2604715986422593    674.9036515947963
0.2625243927789577    663.3488401984655
0.26459336512391185    651.6584628513388
0.2666786431786669    639.9212838502641
0.2687803554496148    628.2255887364397
0.27089863145591503    616.6694017259132
0.2730336017374776    605.3469907743005
0.27518539786300505    594.3431236440971
0.2773541524381019    583.7342559291435
0.27953999911344607    573.5800420681078
0.2817430725930268    563.9131510313226
0.2839635086424431    554.7558022883043
0.2862014440972716    546.0990954869512
0.28845701687150105    537.9232205192054
0.29073036596602786    530.1907858856636
0.29302163147722443    522.8516525781973
0.2953309546055715    515.8483126136284
0.297658477664362    509.1111914555362
0.30000434408846754    502.56928433230456
0.3023686984431799    496.1446578169893
0.3047516864331211    489.76192580562713
0.3071534549112194    483.35208466608697
0.30957415188776155    476.8528061129493
0.31201392653951254    470.222256958763
0.3144729292189112    463.4309107777377
0.3169513114633323    456.47159264708495
0.3194492260044269    449.35162580736005
0.321966826777536    442.09440897655674
0.3245042689311739    434.7348108356434
0.3270617088365911    427.31704401304495
0.3296393040974098    419.89207132158725
0.33223721355933883    412.51455222635644
0.33485559731995884    405.24100864447064
0.3374946167385903    398.12318628024184
0.34015443444623905    391.20752869836247
0.342835214355615    384.5269318585074
0.34553712167123574    378.1033556995076
0.34826032289960607    371.94262227140945
0.3510049858594817    366.0402017385642
0.35377127969220734    360.3792435952859
0.35655937487214173    354.9365993899181
0.3593694432171657    349.68094323685204
0.362201657899266    344.577106801127
0.36505619345521056    339.5838033267362
0.36793322579730237    334.658930549327
0.370832932224223    329.76025533908586
0.3737554914319548    324.85309275162865
0.3767010835247953    319.91141881165515
0.37966989002645807    314.92498090579505
0.38266209389125516    309.89459332377413
0.38567787951537447    304.834222485096
0.38871743274824205    299.7628715648081
0.3917809409039777    294.7030760048895
0.39486859277293423    289.6778491811173
0.39798057863333397    284.71050979024926
0.40111709026299697    279.8261773037268
0.4042783209511546    275.04939811449236
0.4074644655103648    270.4026578273304
0.4106757202885153    265.89929244366016
0.4139122831809269    261.5430090251233
0.41717435364254457    257.3243864171469
0.4204621327002312    253.22763730860567
0.42377582296515787    249.23380908253665
0.4271156286452858    245.32589963015835
0.43048175555795354    241.48792094375693
0.4338744111425591    237.70387851157173
0.43729380447334665    233.9552665290479
0.4407401462722862    230.22493704827943
0.4442136489220617    226.50058210552774
0.4477145264791616    222.7811255249171
0.4512429946870656    219.07433487196408
0.4547992709895428    215.39385586863247
0.4583835745440508    211.75222904107707
0.461996126235244    208.15930787057636
0.4656371486885811    204.62323477680678
0.46930686628404716    201.1533076738274
0.47300550516998324    197.75950779712318
0.47673329327701824    194.44899976065437
0.4804904603321185    191.22234711602437
0.484277237872743    188.07240585433846
0.4880938592611157    184.98897213298156
0.4919405596986011    181.962525722819
0.49581757624020173    178.98647259670844
0.4997251478091689    176.05439425076506
0.5036635152117214    173.15846028983307
0.507632921151889    170.29074205496028
0.5116336102464671    167.44668463115946
0.5156658290400957    164.6282443209338
0.5197298260204463    161.84184067857328
0.5238258516335387    159.0939983587405
0.5279541582991772    156.38831958138783
0.5321150004265011    153.72641181137826
0.5363086344296656    151.11134151650762
0.5405353187436425    148.54752678911092
0.5447953138401493    146.03763199123057
0.5490888822436966    143.5796180674959
0.5534162885477673    141.1671756341245
0.5577777994311267    138.79442079157846
0.5621736836742505    136.4592090802539
0.5666042121758909    134.16070158460988
0.5710696579697748    131.89590705891396
0.5755702962414229    129.66013068405493
0.5801064043451126    127.45103656578509
0.5846782618209678    125.2711943773473
0.5892861504121901    123.12540201856412
0.593930354082415    121.01551528779989
0.5986111590332144    118.94002420905315
0.6033288537217372    116.89843167796381
0.6080837288784792    114.89322634881502
0.6128760775252038    112.92516361580235
0.6177061949929977    110.99242991671677
0.6225743789404747    109.09322347555059
0.6274809293721129    107.22583339074536
0.6324261486567456    105.38864531352962
0.6374103415461991    103.5805682455147
0.6424338151940654    101.80117756452525
0.6474968791746355    100.05010073481678
0.6525998455019757    98.32696766040942
0.657743028649159    96.63141074176336
0.6629267455676383    94.96306492977483
0.6681513157067825    93.32156777712804
0.6734170610335657    91.70655948706894
0.6787243060524016    90.11768295965582
0.6840733778251467    88.55458383552894
0.6894646059912519    87.01691053726816
0.6948983227880832    85.50431430837436
0.7003748630713871    84.01644924994699
0.7058945643359316    82.55297235509289
0.7114577667363063    81.11354354112639
0.717064813107879    79.69782567961484
0.7227160489879271    78.30548462432117
0.7284118226369286    76.93618923708169
0.7341524850600305    75.58961141169186
0.7399383900286703    74.26542609583164
0.7457698941023823    72.96331131108892
0.7516473566507739    71.6829481711285
0.7575711398756648    70.42402089805658
0.7635416088334132    69.18621683702695
0.769559131457409    67.96922646913875
0.7756240785807541    66.77274342267009
0.7817368239591072    65.5964644826989
0.7878977442937197    64.44008753886456
0.7941072192546555    63.303296923985116
0.8003656315041796    62.18577324276189
0.8066733667203451    61.08720207736976
0.8130308136207582    60.00727397282018
0.8194383639865396    58.94568436061716
0.8258964126864579    57.90213348357348
0.8324053577012698    56.87632632176408
0.8389656001482492    55.867972519602006
0.8455775443058974    54.87678631402011
0.8522415976388638    53.90248646374188
0.8589581708230515    52.94479617962129
0.8657276777709337    52.00344305604311
0.8725505356570502    51.07815900336135
0.8794271649437214    50.1686801813582
0.8863579894069643    49.27474693371749
0.8933434361625986    48.39610372348931
0.9003839356925732    47.53249906953162
0.9074799218714936    46.68368548391765
0.914631831993364    45.84941941029134
0.9218401067985276    45.029461163158324
0.9291051905008318    44.22357486809683
0.9364275308150082    43.43152840287677
0.9438075789842527    42.65309333946972
0.9512457898080414    41.88804488694143
0.9587426216701534    41.13616183520787
0.9662985365669267    40.39722649964669
0.9739140001357175    39.671024666548625
0.981589481683602    38.957345783115805
0.9893254542163017    38.255985117330795
0.9971223944673231    37.56674248898851
1.0049807829273427    36.88942070689675
1.012901103873815    36.22382551139596
1.0208838454008222    35.569765536871834
1.0289294994491438    34.92705227461231
1.0370385618365778    34.295500036014644
1.0452115322885005    33.67492591613731
1.0534489144686525    33.0651497575998
1.061751216010183    32.46599411482811
1.0701189485469311    31.877284218645105
1.0785526277449617    31.29884794120625
1.0870527733343331    30.730515761278884
1.0956199091411307    30.172120729866954
1.104254563119755    29.623498436173076
1.1129572673854433    29.08448697390797
1.1217285582470724    28.554926907937052
1.1305689762402018    28.034661241265994
1.139479066160395    27.5235353823668
1.1484593770967795    27.02139711283943
1.1575104624658912    26.528096555409675
1.1666328800457844    26.043486142261326
1.1758271920103942    25.567420583702912
1.1850939649641876    25.09975683716454
1.1944337699770784    24.640354076526286
1.2038471826196255    24.18907366177521
1.2133347829984928    23.745779108990174
1.2228971557922033    23.31033602139436
1.2325348902871767    22.882611600868575
1.2422485804140329    22.46247481266781
1.2520388247841978    22.049796717485105
1.2619062267268017    21.644450447674515
1.271851394325845    21.24631117641691
1.2818749404576812    20.85525608729725
1.291977482828781    20.471164344285622
1.3021596440138086    20.0939170621202
1.3124220514939735    19.723397277085805
1.322765337695707    19.359489918185993
1.333190140029642    19.00208177870052
1.343697100929881    18.65106148812893
1.3542868678935949    18.306319484510915
1.3649600935209203    17.967747987122824
1.375717435555187    17.635240969544444
1.386559556923437    17.308694133091862
1.397487125777284    16.988004880612827
1.4085008155340977    16.673072290639837
1.4196013049184872    16.36379709189804
1.430789278004138    16.06008163816184
1.442065424255965    15.761829883458175
1.4534304385726078    15.46894735761096
1.4648850213292428    15.18134114212425
1.47642987842075    14.898919846398067
1.4880657213052217    14.621593584275198
1.499793267047791    14.349273950913968
1.5116132383648324    14.081873999982193
1.5235263636684941    13.81930822357939
1.5355333771115973    13.561492566931088
1.547635018632862    13.308344396136809
1.5598320340025158    13.059782443306458
1.5721251748682596    12.815726784540885
1.584515198801571    12.57609881921985
1.5970028693444034    12.340821249578074
1.6095889560562318    12.109818060565113
1.6222742345614891    11.883014499986668
1.6350594865973493    11.660337058923302
1.6479455000619085    11.441713452423917
1.6609330690627493    11.227072600469928
1.6740229939658606    11.016344609208195
1.6872160814449724    10.80946075244764
1.7005131445312616    10.60635345341847
1.713915002663467    10.406956266789113
1.7274224817383705    10.211203860939086
1.7410364141617019    10.019032000483811
1.7547576388994444    9.830377529048187
1.768587001529521    9.645178352287369
1.7825253542939123    9.463373421149651
1.7965735561511738    9.284902715380113
1.8107324728293785    9.109707227260968
1.8250029768794522    8.937728945586613
1.8393859477289527    8.768910839870113
1.8538822717362753    8.603196844777338
1.868492842245255    8.44053184478766
1.8832185596402327    8.280861659077084
1.8980603314015358    8.124133025406001
1.913019072161415    7.970293560520287
1.9280957037603894    7.819291748800559
1.9432911553040637    7.671076953887984
1.9586063632203974    7.525599405560026
1.9740422713173915    7.382810185715234
1.989599830841264    7.242661214567831
2.005280000535065    7.1051052370499175
2.0210837466977725    6.970095809417778
2.0370120432438226    6.837587286060521
2.0530658717631347    6.707534806507399
2.0692462215816168    6.579894282631608
2.085554089822108    6.454622386047772
2.1019904814658443    6.331676535700815
2.1185564094143814    6.211014885642856
2.1352528945520324    6.092596312996113
2.1520809658087563    5.976380406099768
2.169041660223578    5.86232745283697
2.1861360230085083    5.750398429140451
2.203365107612932    5.640554987674328
2.2207299757885437    5.532759446689131
2.2382316976547703    5.4269747790480185
2.255871351764732    5.32316460142163
2.2736500251716882    5.22129316364969
2.291568813496038    5.121325338266147
2.309628820992849    5.02322661018657
2.3278311606198865    4.926963066554756
2.3461769541062134    4.832501386746779
2.3646673320213116    4.739808832339357
2.383303433844768    4.64885323200245
2.4020864080364728    4.559602971669763
2.421017412107406    4.472026991621111
2.4400976126909812    4.386094777567701
2.4593281856149165    4.301776351511953
2.478710315973709    4.219042262750938
2.4982451982016634    4.137863579021844
2.517934036146513    4.0582118777870955
2.537778043143583    3.980059237657666
2.5577784420905747    3.9033782299515907
2.577936465522943    3.8281419103868433
2.598253355689823    3.754323810905834
2.618730364630604    3.6818979316297944
2.6393687542520756    3.610838732941503
2.660169796406215    3.5411211276938
2.6811347729685346    3.472720473542767
2.7022649759170947    3.4056125654032368
2.7235617074121348    3.3397736280249792
2.745026279876293    3.2751803086879443
2.766660016075498    3.2118096700144854
2.7884642492004996    3.1496391828971224
2.8104403229489994    3.0886467195400393
2.832589591608475    3.0288105466125144
2.8549134201396296    2.970109318512775
2.8774131842605284    2.9125220707405104
2.9000902705313476    2.8560282133765513
2.9229460764398376    2.8006075246680475
2.9459820104874574    2.7462401445964537
2.9691994922761475    2.6929065636870657
2.9925999525958296    2.640587615597569
3.0161848335125723    2.5892644779551506
3.039955588457479    2.5389186669166475
3.063913682316226    2.4895320313101132
3.088060591519351    2.4410867468730455
3.112397804133255    2.393565310585554
3.1369268199518774    2.346950535097106
3.161649150589136    2.3012255432453945
3.186566319572075    2.256373762665854
3.211679862434774    2.212378920490433
3.236991326812944    2.169225038134375
3.2625022725393142    2.126896426169343
3.288214271739781    2.0853776792817937
3.314128908930249    2.044653671315251
3.3402477811143085    2.0047095503950216
3.366572497881633    1.9655307341341643
3.3931046815072006    1.9271029049194506
3.4198459670512276    1.889412005276086
3.4467980024599507    1.8524442333097866
3.473962448667199    1.8161860382251962
3.5013409796967143    1.7806241159194098
3.528935282765337    1.7457454046492036
3.5567470583869722    1.7115370807711954
3.5847780204774073    1.6779865545533479
3.613029896459895    1.6450814660570547
3.641504427371627    1.612809681088504
3.670203367971045    1.5811592872153786
3.699128486845942    1.5501185896783631
3.7282815665224733    1.5196761074549547
3.7576644035749993    1.489820569754837
3.7872788087368203    1.4605409123266673
3.8171266070117285    1.431826273801072
3.8472096377864937    1.4036659920955379
3.8775297549442365    1.3760496008802778
3.908088826978632    1.3489668261042838
3.9388887371090906    1.3224075825803294
3.9699313833967893    1.2963619706281297
4.001218678861677    1.2708202727746594
4.032752551600318    1.2457729505108257
4.064534944904736    1.2212106411033852
4.096567817382191    1.1971241544613669
4.128853143075835    1.1735044700561033
4.161392911586396    1.1503427338939576
4.194189128194769    1.1276302555408504
4.227243813985628    1.1053585051978871
4.260559005971924    1.083519110827128
4.294136757220446    1.062103855326737
4.327979136978364    1.0411046737546736
4.3620882308006985    1.0205136506001964
4.396466140678878    1.0003230171023254
4.4311149851702565    0.9805251486145686
4.466036899528709    0.9611125620150355
4.501234035836159    0.9420779131613977
4.536708563135239    0.9234139943897174
4.57246266756297    0.9051137320455116
4.608498552485446    0.8871701828417831
4.64481843863364    0.8695765305040494
4.6814245642402526    0.8523260856798599
4.718319185177666    0.8354122839093877
4.755504575096922    0.8188286833594193
4.792983025567858    0.8025689625969784
4.83075684622035    0.7866269184019716
4.8688283648866    0.7709964636182778
4.907199927744619    0.7556716250425444
4.945873899462795    0.7406465413500594
4.984852663345652    0.7259154610571465
5.024138621480672    0.7114727405193851
5.063734194886346    0.6973128419651319
5.103641823661407    0.6834303315636359
5.143863967135138    0.6698198775273269
5.184403104018971    0.6564762482475057
5.225261732559219    0.643394310463039
5.266442370691072    0.6305690274613882
5.307947556193707    0.617995457311503
5.349779846846707    0.6056687511279639
5.391941820587719    0.593584151365898
5.4344360756712575    0.5817369901461327
5.477265230828869    0.5701226876100616
5.520431925430484    0.5587367503037085
5.5639388196471185    0.5475747695905223
5.6077885946147425    0.5366324200923995
5.651983952599538    0.5259054581584233
5.6965276171644605    0.5153897203602823
5.741422333337015    0.505081121875196
5.786670867778464    0.49497565487329165
5.8322760089543015    0.48506938738825656
5.878240567306137    0.4753584619620079
5.92456737542483    0.4658390942683633
5.971259288225071    0.45650757176129036
6.018319183121365    0.44736025234745996
6.065749960205277    0.4383935630825657
6.113554542424189    0.4296039988910524
6.161735875761458    0.42098812130883534
6.210296929417905    0.41254255724862504
6.259240695994831    0.40426399778744865
6.308570191678413    0.39614919697598583
6.358288456425634    0.3881949706693656
6.408398554151546    0.380398195379009
6.458903572918116    0.3727558071452022
6.5098066251245745    0.3652648004299759
6.561110847699143    0.35792222703001536
6.612819402292396    0.35072519500918836
6.664935475472076    0.34367086765036936
6.717462278919516    0.33675646242623747
6.770403049627488    0.3299792499887116
6.823761050099722    0.3233365531766694
6.8775395685519936    0.3168257460416694
6.931741919114694    0.3104442528913465
6.986371442037109    0.3041895473501602
7.0414315038932385    0.2980591514372066
7.096925497789318    0.2920506346605129
7.152856843572842    0.28616161295418685
7.209228988043351    0.2803897475283937
7.266045405164885    0.2747327444377526
7.32330959627999    0.2691883538207562
7.381025090325534    0.2637543690710715
7.439195444050166    0.2584286260240086
7.4978242422335475    0.253209002157899
7.556915097907187    0.2480934158101223
7.616471652577141    0.24307982540750112
7.676497576448457    0.23816622871083212
7.736996568651272    0.23335066207328584
7.797972357468835    0.22863119971243934
7.859428700567224    0.22400595299568193
7.921369385226983    0.21947306973878083
7.983798228576425    0.21503073351734553
8.046719077826905    0.21067716299098813
8.110135810509952    0.20641061123991547
8.174052334716142    0.202229365113777
8.23847258933598    0.19813174459250724
8.303400544302631    0.19411610215897995
8.368840200836598    0.1901808221832314
8.434795591692236    0.18632432031808469
8.501270781406307    0.18254504290592993
8.568269866548503    0.178841466396485
8.63579697597381    0.17521209677533733
8.703856271077013    0.17165546900306483
8.772451946049117    0.16817014646474948
8.841588228135867    0.16475472042968944
8.911269377898176    0.16140780948431907
8.981499689474715    0.15812805893314733
9.052283490846605    0.15491414039217283
9.123625144104023    0.1517647513127222
9.195529045715093    0.14867861448880312
9.267999626796778    0.14565447757364433
9.341041353388018    0.14269111260523645
9.414658726724864    0.139787315540738
9.488856283517904    0.13694190579955068
9.563638596231899    0.13415372581493984
9.639010273367457    0.13142164059402067
9.714975959745113    0.1287445372859728
9.79154033679152    0.12612132475832655
9.868708122828021    0.12355093318116891
9.946484073361319    0.12103231361914975
10.024872981376578    0.11856443763110615
10.103879677632857    0.11614629687720296
10.183509030960694    0.11377690273343248
10.263765948562227    0.11145528591334315
10.344655376313565    0.10918049609686806
10.426182299069653    0.10695160156611912
10.508351740971356    0.10476768884802438
10.591168765755132    0.10262786236368028
10.67463847706514    0.10053124408429191
10.758766018767643    0.0984769731935945
10.843556575268083    0.09646420575661736
10.929015371830523    0.0944921143946923
11.01514767489975    0.09255988796657974
11.101958792425684    0.09066673121807053
11.189454074190564    0.08881186436977
11.27763891213868    0.08699452293814383
11.366518740708537    0.08521395747760767
11.456099037167828    0.08346943328974493
11.546385321950945    0.08176023013804495
11.637383158999258    0.08008564196804374
11.729098156103863    0.07844497663278327
11.821535965251236    0.07683755562347362
11.914702282971604    0.07526271380527479
12.008602850689867    0.07371979915809594
12.103243455079495    0.07220817252232367
12.198629928419104    0.0707272073493814
12.294768148951947    0.06927628945703576
12.391664041248054    0.06785481678936153
12.489323576569376    0.06646219918127537
12.587752773237849    0.06509785812755028
12.686957697006148    0.06376122655624072
12.786944461431563    0.06245174860641984
12.887719228252724    0.06116887941015791
12.989288207769404    0.059912084878659615
13.091657659225094    0.05868084149248785
13.194833891192804    0.05747463609578803
13.298823261963902    0.056292965694446376
13.4036321799398    0.05513533725810681
13.509267104026984    0.05400126752597048
13.615734544034986    0.052890282816314235
13.723041061077655    0.05180191883964911
13.83119326797735    0.05073572051220826
13.940197829672519    0.04969124176442174
14.05006146362852    0.04866804537666165
14.160790940251427    0.04766570281109161
14.272393083305335    0.04668379404196535
14.384874770332962    0.04572190738917763
14.498242933079322    0.04477963935501512
14.612504557919006    0.04385659446404211
14.72766668628666    0.0429523851060633
14.843736415111032    0.04206663138210673
14.96072089725216    0.04119896095336966
15.078627341942253    0.040349008893069964
15.197463015230042    0.039516417541150255
15.317235240428392    0.038700836361779636
15.43795139856572    0.037901921803602474
15.559618928840793    0.03711933716267801
15.682245329081283    0.036352752448064615
15.805838156205665    0.03560184424999668
15.930405026688993    0.034866295610604926
16.055953617032355    0.034145795897131
16.18249166423578    0.03344004067759355
16.310026966275135    0.032748731598853865
16.43856738258263    0.03207157626703898
16.56812083453128    0.031408288130275935
16.69869530592287    0.03075858636369668
16.830298843480087    0.030122195756664763
16.96293955734244    0.029498846602186896
17.096625621565924    0.02888827458846657
17.23136527462683    0.028290220685256988
17.36716681992942    0.027704431005875055
17.50403862631772    0.02713065673525498
17.641989128591092    0.0265686540453642
17.78102682802411    0.026018183996628672
17.92116029289057    0.025479012441255857
18.062398158991297    0.024950909928442514
18.20474913018649    0.024433651611426
18.348221978932003    0.0239270171563493
18.49282554682012    0.023430790652900938
18.6385687451242    0.022944760526698037
18.78546055534794    0.022468719453378794
18.93351002977897    0.022002464274369745
19.08272629204652    0.021545795914299542
19.23311853768377    0.021098519300022926
19.384696034694485    0.020660443281228357
19.5374681241243    0.02023138055259545
19.691444220636143    0.019811147577474663
19.846633813090534    0.01939956451305971
20.00304646513045    0.018996455137022205
20.160691815770473    0.01860164677558284
20.31957957999093    0.01821497023299066
20.479719549336536    0.01783625972238162
20.641121592519934    0.017465352797992575
20.80379565602963    0.017102090288703454
20.967751764743095    0.01674631623288068
21.13300002254462    0.01639787781449949
21.299550612947797    0.016056625300517723
21.46741379972319    0.01572241197768291
21.636599927530792    0.015395094081804063
21.807119422557683    0.015074530746968648
21.978982793160288    0.014760583953336482
22.152200630512112    0.014453118470365007
22.326783609256516    0.014152001801130796
22.50274248816432    0.013857104127747136
22.68008811079699    0.013568298257856297
22.858831406174776    0.01328545957217605
23.038983389450387    0.013008465973079877
23.22055516258759    0.012737197834190514
23.40355791504544    0.012471537950967917
23.58800292446803    0.01221137149227096
23.77390155737916    0.011956585952875751
23.961265269883032    0.011707071106930566
24.15010560837013    0.01146271896232965
24.340434210228935    0.011223423715987994
24.532262804562848    0.010989081710000083
24.72560321291311    0.010759591388664547
24.920467349987458    0.010534853256357975
25.116867224394102    0.010314769836242549
25.314814939381957    0.010099245629789495
25.514322693586397    0.009888187077103604
25.71540278178119    0.009681502518033068
25.918067595635925    0.009479102154049101
26.12232962447975    0.009280898010880256
26.328201456071202    0.00908680390188698
26.535695777373643    0.008896735392161948
26.744825375337296    0.00871060976208418
26.95560313768714    0.008528345963451325
27.168042053717336    0.008349864591882661
27.382155215091387    0.0081750878594651
27.597955816649076    0.008003939562248954
27.815457157219754    0.007836345048343735
28.03467264044159    0.007672231186648774
28.255615775587767    0.0075115263362062895
28.478300178398914    0.007354160316164935
28.702739571922372    0.0072000643763411995
28.928947787357593    0.007049171168368006
29.156938764908624    0.00690141471741762
29.38672655464336    0.006756730394488591
29.618325317359076    0.006615054889245232
29.851749325455277    0.006476326183398716
30.087012963813155    0.006340483524619409
30.32413073068229    0.006207467400969422
30.56311723857375    0.006077219515845984
30.80398721516081    0.005949682763424669
31.046755504186685    0.0058248012045932175
31.291437066378943    0.005702520043366182
31.538046980371668    0.005582785603770701
31.786600443634832    0.005465545307194177
32.03711277341051    0.0053507476501851
32.28959940765707    0.005238342182697519
32.544075906000366    0.0051282794867707
32.80055795069292    0.005020511155635438
33.05906134757995    0.0049149897732384895
33.31960202707359    0.004811668893604058
33.58219604513482    0.004710503015709065
33.84685958426252    0.004611447567156494
34.113608954491    0.004514458889164748
34.382460594394985    0.004419494218073853
34.653431072102904    0.004326511667168332
34.926537086317516    0.004235470208865606
35.20179546734518    0.004146329657262181
35.47922317813322    0.004059050651030887
35.75883731531489    0.003973594636662272
36.04065511026323    0.003889923852042831
36.32469393015282    0.0038080013103639846
36.61097127903029    0.0037277907843544897
36.89950479889265    0.003649256790830782
37.19031227077467    0.0035723645755579413
37.48341161584485    0.003497080098415775
37.778820896509416    0.003423370018863703
38.076558317525695    0.0033512016816984215
38.37664222712387    0.003280543103098707
38.67909111813793    0.0032113629569513577
38.98392362914497    0.003143630561453025
39.291158545613925    0.0030773158659821234
39.600814801063486    0.003012389438235486
39.91291147822848    0.0029488224516247704
40.2274678102361    0.0028865866729269308
40.54450318179104    0.0028256544501841663
40.86403713037037    0.0027659987008479955
41.1860893474271    0.0027075929001628926
41.5106796796039    0.0026504110694511762
41.83782812995642    0.002594427760853435
42.16755485918546    0.0025396180480749837
42.49988018687974    0.002485957519029796
42.83482459276799    0.002433422265392341
43.17240871798122    0.002381988872287107
43.512653366324386    0.002331634408187497
43.85557950555863    0.0022823364150195797
44.201208268693634    0.002234072898466875
44.549560955289536    0.0021868223184720453
44.90065903276979    0.002140563579931336
45.254524137744006    0.002095276023578167
45.61117807734157    0.002050939417051893
45.97064283055509    0.0020075339461480515
46.33294054959512    0.001965040206246475
46.69809356125546    0.0019234391939135236
47.06612436828867    0.00188271229867524
47.43705565079305    0.0018428412949576562
47.81091026761024    0.0018038083341910716
48.187711257734165    0.0017655959370749016
48.567481841730356    0.001728186986000006
48.95024542316718    0.0016915647176251032
49.33602559005837    0.0016557127156043247
49.724846116316094    0.0016206149034628397
50.11673096321642    0.0015862555376174882
50.51170428087574    0.001552619200539565
50.9097904097394    0.0015196907940568153
51.31101388208117    0.0014874555327919886
51.715399423515294    0.0014558989375476855
52.12297195452054    0.0014250068259739706
52.53375659197535    0.0013947653071975116
52.94777865070607    0.0013651607786233449
53.36506364504677    0.0013361799200817476
53.78563729041202    0.0013078096880033605
54.20952550488099    0.0012800373097137225
54.63675441079497    0.0012528502778447065
55.06735033636746    0.0012262363448605168
55.50133981730611    0.001200183517695962
55.93874959844832    0.0011746800525046053
56.37960663540927    0.001149714449514652
56.82393809624345    0.0011252754479903204
57.27177136311832    0.0011013520212965915
57.72313403400201    0.0010779333720651659
58.17805392436441    0.0010550089274596228
58.636559068890676    0.0010325683345377657
59.098677723209335    0.0010106014557090756
59.56443836563326    0.0009890983642854686
60.03386969891517    0.0009680493401233256
60.507000652015776    0.00094744486535506
60.98386038188685    0.0009272756202082705
61.46447827526842    0.0009075324789107606
61.94888395049902    0.0008882065056796966
62.43710725934143    0.0008692889507931101
62.92917828882204    0.0008507712467421294
63.42512736308545    0.0008326450044622387
63.92498504526258    0.0008149020096420345
64.4287821393544    0.0007975342190175768
64.93654969213061    0.0007805337548595558
65.44831899504224    0.0007638929017037104
65.96412158615051    0.0007476041050769067
66.48398925207005    0.0007316599682477777
67.00795402992829    0.0007160532489498032
67.53604820933904    0.0007007768561722145
68.06830433439278    0.0006858238470172676
68.60475520566244    0.0006711874236225391
69.14543388222417    0.0006568609301469383
69.69037368369486    0.0006428378498190573
70.23960819228593    0.000629111802046613
70.79317125487206    0.0006156765395857336
71.3510969850776    0.0006025259457688088
71.9134197653785    0.0005896540317897413
72.48017424922168    0.0005770549340453706
73.05139536315983    0.0005647229115319664
73.62711830900413    0.0005526523432956133
74.20737856599402    0.0005408377259353556
74.79221189298278    0.0005292736711580986
75.38165433064174    0.0005179549033840924
75.97574220368107    0.0005068762574020403
76.57451212308878    0.0004960326760727409
77.17800098838619    0.00048541920808032777
77.78624598990216    0.00047503100573006627
78.39928461106545    0.0004648633227917658
79.01715463071386    0.00045491151238790127
79.63989412542284    0.0004451710249254568
80.26754147185177    0.00043563740601564824
80.90013534910945    0.00042630629281123814
81.53771474113692    0.000417173411922765
82.18031893911032    0.0004082345795954722
82.82798754386253    0.0003994856999559376
83.48076046832288    0.00039092276317128624
84.1386779399773    0.00038254184364690393
84.80178050334705    0.0003743390982618912
85.470109022488    0.0003663107646414294
86.14370468350789    0.0003584531594653266
86.82260899710492    0.0003507626768119368
87.50686380112637    0.0003432357865367461
88.19651126314595    0.0003358690326848966
88.89159388306301    0.0003286590319369207
89.59215449572122    0.00032160247208700224
90.29823627354908    0.00031469611055307727
91.00988272921943    0.00030793677291812563
91.7271377183313    0.000301321351501966
92.45004544211325    0.00029484680396294334
93.1786504501461    0.00028851015192888274
93.91299764310894    0.00028230847965667776
94.65313227554662    0.0002762389327199241
95.39909995865762    0.0002702987167240263
96.15094666310543    0.0002644850960481711
96.9087187218515    0.00025879539261363245
97.6724628330104    0.0002532269846778448
98.44222606272737    0.00024777730565370604
99.21805584808008    0.0002424438429535785
100.00000000000004    0.00023722413684151624
